positives\0001_0083_0030_0156_0156.jpg 1 83 30 156 156
positives\0002_0075_0097_0090_0090.jpg 1 75 97 90 90
positives\0003_0143_0034_0123_0123.jpg 1 143 34 123 123
positives\0004_0104_0018_0146_0146.jpg 1 104 18 146 146
positives\0005_0101_0084_0117_0117.jpg 1 101 84 117 117
positives\0006_0230_0018_0108_0108.jpg 1 230 18 108 108
positives\0007_0108_0067_0173_0173.jpg 1 108 67 173 173
positives\0008_0293_0134_0054_0054.jpg 1 293 134 54 54
positives\0009_0191_0046_0169_0169.jpg 1 191 46 169 169
positives\0010_0229_0061_0160_0160.jpg 1 229 61 160 160
positives\0011_0118_0080_0133_0133.jpg 1 118 80 133 133
positives\0012_0095_0076_0135_0135.jpg 1 95 76 135 135
positives\0013_0247_0118_0024_0024.jpg 1 247 118 24 24
positives\0014_0182_0035_0052_0052.jpg 1 182 35 52 52
positives\0015_0274_0039_0090_0090.jpg 1 274 39 90 90
positives\0016_0210_0127_0050_0050.jpg 1 210 127 50 50
positives\0017_0167_0015_0186_0186.jpg 1 167 15 186 186
positives\0018_0088_0057_0151_0151.jpg 1 88 57 151 151
positives\0019_0196_0141_0047_0047.jpg 1 196 141 47 47
positives\0020_0231_0034_0184_0184.jpg 1 231 34 184 184
positives\0021_0064_0081_0166_0166.jpg 1 64 81 166 166
positives\0022_0236_0035_0056_0056.jpg 1 236 35 56 56
positives\0023_0097_0053_0102_0102.jpg 1 97 53 102 102
positives\0024_0118_0070_0180_0180.jpg 1 118 70 180 180
positives\0025_0087_0078_0166_0166.jpg 1 87 78 166 166
positives\0026_0093_0042_0169_0169.jpg 1 93 42 169 169
positives\0027_0065_0033_0035_0035.jpg 1 65 33 35 35
positives\0028_0120_0029_0171_0171.jpg 1 120 29 171 171
positives\0029_0150_0087_0159_0159.jpg 1 150 87 159 159
positives\0030_0130_0027_0120_0120.jpg 1 130 27 120 120
positives\0031_0235_0036_0178_0178.jpg 1 235 36 178 178
positives\0032_0138_0076_0144_0144.jpg 1 138 76 144 144
positives\0033_0165_0011_0168_0168.jpg 1 165 11 168 168
positives\0034_0263_0123_0115_0115.jpg 1 263 123 115 115
positives\0035_0286_0130_0083_0083.jpg 1 286 130 83 83
positives\0036_0142_0041_0170_0170.jpg 1 142 41 170 170
positives\0037_0102_0043_0150_0150.jpg 1 102 43 150 150
positives\0038_0185_0055_0166_0166.jpg 1 185 55 166 166
positives\0039_0174_0067_0127_0127.jpg 1 174 67 127 127
positives\0040_0059_0048_0042_0042.jpg 1 59 48 42 42
positives\0041_0270_0046_0115_0115.jpg 1 270 46 115 115
positives\0042_0064_0026_0137_0137.jpg 1 64 26 137 137
positives\0043_0089_0030_0057_0057.jpg 1 89 30 57 57
positives\0044_0166_0016_0142_0142.jpg 1 166 16 142 142
positives\0045_0069_0088_0114_0114.jpg 1 69 88 114 114
positives\0046_0065_0124_0097_0097.jpg 1 65 124 97 97
positives\0047_0126_0052_0183_0183.jpg 1 126 52 183 183
positives\0048_0293_0085_0047_0047.jpg 1 293 85 47 47
positives\0049_0307_0190_0024_0024.jpg 1 307 190 24 24
positives\0050_0234_0101_0129_0129.jpg 1 234 101 129 129
positives\0051_0062_0128_0027_0027.jpg 1 62 128 27 27
positives\0052_0274_0028_0076_0076.jpg 1 274 28 76 76
positives\0053_0057_0058_0071_0071.jpg 1 57 58 71 71
positives\0054_0114_0074_0111_0111.jpg 1 114 74 111 111
positives\0055_0254_0040_0143_0143.jpg 1 254 40 143 143
positives\0056_0160_0048_0081_0081.jpg 1 160 48 81 81
positives\0057_0198_0052_0136_0136.jpg 1 198 52 136 136
positives\0058_0141_0135_0042_0042.jpg 1 141 135 42 42
positives\0059_0156_0156_0051_0051.jpg 1 156 156 51 51
positives\0060_0258_0045_0101_0101.jpg 1 258 45 101 101
positives\0061_0227_0041_0175_0175.jpg 1 227 41 175 175
positives\0062_0045_0154_0031_0031.jpg 1 45 154 31 31
positives\0063_0244_0059_0055_0055.jpg 1 244 59 55 55
positives\0064_0145_0082_0104_0104.jpg 1 145 82 104 104
positives\0065_0137_0116_0116_0116.jpg 1 137 116 116 116
positives\0066_0256_0026_0154_0154.jpg 1 256 26 154 154
positives\0067_0150_0027_0127_0127.jpg 1 150 27 127 127
positives\0068_0091_0095_0035_0035.jpg 1 91 95 35 35
positives\0069_0131_0156_0027_0027.jpg 1 131 156 27 27
positives\0070_0308_0094_0046_0046.jpg 1 308 94 46 46
positives\0071_0171_0111_0115_0115.jpg 1 171 111 115 115
positives\0072_0222_0065_0179_0179.jpg 1 222 65 179 179
positives\0073_0103_0087_0108_0108.jpg 1 103 87 108 108
positives\0074_0137_0022_0157_0157.jpg 1 137 22 157 157
positives\0075_0185_0036_0160_0160.jpg 1 185 36 160 160
positives\0076_0091_0044_0185_0185.jpg 1 91 44 185 185
positives\0077_0056_0062_0162_0162.jpg 1 56 62 162 162
positives\0078_0295_0032_0088_0088.jpg 1 295 32 88 88
positives\0079_0039_0067_0177_0177.jpg 1 39 67 177 177
positives\0080_0320_0042_0066_0066.jpg 1 320 42 66 66
positives\0081_0083_0158_0068_0068.jpg 1 83 158 68 68
positives\0082_0092_0063_0173_0173.jpg 1 92 63 173 173
positives\0083_0082_0063_0066_0066.jpg 1 82 63 66 66
positives\0084_0228_0075_0173_0173.jpg 1 228 75 173 173
positives\0085_0279_0026_0105_0105.jpg 1 279 26 105 105
positives\0086_0046_0070_0128_0128.jpg 1 46 70 128 128
positives\0087_0304_0125_0065_0065.jpg 1 304 125 65 65
positives\0088_0110_0110_0042_0042.jpg 1 110 110 42 42
positives\0089_0252_0085_0111_0111.jpg 1 252 85 111 111
positives\0090_0130_0061_0158_0158.jpg 1 130 61 158 158
positives\0091_0168_0088_0103_0103.jpg 1 168 88 103 103
positives\0092_0156_0033_0102_0102.jpg 1 156 33 102 102
positives\0093_0195_0058_0156_0156.jpg 1 195 58 156 156
positives\0094_0213_0055_0129_0129.jpg 1 213 55 129 129
positives\0095_0267_0042_0140_0140.jpg 1 267 42 140 140
positives\0096_0085_0037_0135_0135.jpg 1 85 37 135 135
positives\0097_0196_0056_0165_0165.jpg 1 196 56 165 165
positives\0098_0092_0041_0184_0184.jpg 1 92 41 184 184
positives\0099_0131_0130_0079_0079.jpg 1 131 130 79 79
positives\0100_0128_0084_0097_0097.jpg 1 128 84 97 97
positives\0101_0129_0102_0125_0125.jpg 1 129 102 125 125
positives\0102_0179_0156_0044_0044.jpg 1 179 156 44 44
positives\0103_0134_0029_0052_0052.jpg 1 134 29 52 52
positives\0104_0088_0048_0123_0123.jpg 1 88 48 123 123
positives\0105_0122_0043_0188_0188.jpg 1 122 43 188 188
positives\0106_0167_0102_0131_0131.jpg 1 167 102 131 131
positives\0107_0104_0077_0151_0151.jpg 1 104 77 151 151
positives\0108_0083_0163_0038_0038.jpg 1 83 163 38 38
positives\0109_0203_0033_0156_0156.jpg 1 203 33 156 156
positives\0110_0204_0145_0068_0068.jpg 1 204 145 68 68
positives\0111_0350_0114_0029_0029.jpg 1 350 114 29 29
positives\0112_0129_0112_0119_0119.jpg 1 129 112 119 119
positives\0113_0311_0044_0086_0086.jpg 1 311 44 86 86
positives\0114_0068_0036_0157_0157.jpg 1 68 36 157 157
positives\0115_0231_0138_0084_0084.jpg 1 231 138 84 84
positives\0116_0179_0039_0152_0152.jpg 1 179 39 152 152
positives\0117_0085_0104_0036_0036.jpg 1 85 104 36 36
positives\0118_0199_0098_0084_0084.jpg 1 199 98 84 84
positives\0119_0078_0068_0144_0144.jpg 1 78 68 144 144
positives\0120_0066_0058_0147_0147.jpg 1 66 58 147 147
positives\0121_0112_0058_0122_0122.jpg 1 112 58 122 122
positives\0122_0055_0073_0157_0157.jpg 1 55 73 157 157
positives\0123_0228_0061_0146_0146.jpg 1 228 61 146 146
positives\0124_0164_0034_0065_0065.jpg 1 164 34 65 65
positives\0125_0163_0016_0113_0113.jpg 1 163 16 113 113
positives\0126_0212_0172_0041_0041.jpg 1 212 172 41 41
positives\0127_0180_0119_0080_0080.jpg 1 180 119 80 80
positives\0128_0100_0101_0105_0105.jpg 1 100 101 105 105
positives\0129_0302_0152_0074_0074.jpg 1 302 152 74 74
positives\0130_0263_0025_0083_0083.jpg 1 263 25 83 83
positives\0131_0118_0035_0173_0173.jpg 1 118 35 173 173
positives\0132_0209_0074_0092_0092.jpg 1 209 74 92 92
positives\0133_0297_0151_0076_0076.jpg 1 297 151 76 76
positives\0134_0252_0061_0106_0106.jpg 1 252 61 106 106
positives\0135_0346_0150_0037_0037.jpg 1 346 150 37 37
positives\0136_0313_0133_0054_0054.jpg 1 313 133 54 54
positives\0137_0315_0062_0054_0054.jpg 1 315 62 54 54
positives\0138_0205_0073_0061_0061.jpg 1 205 73 61 61
positives\0139_0289_0095_0100_0100.jpg 1 289 95 100 100
positives\0140_0052_0161_0038_0038.jpg 1 52 161 38 38
positives\0141_0169_0051_0099_0099.jpg 1 169 51 99 99
positives\0142_0266_0017_0142_0142.jpg 1 266 17 142 142
positives\0143_0303_0083_0053_0053.jpg 1 303 83 53 53
positives\0144_0209_0045_0075_0075.jpg 1 209 45 75 75
positives\0145_0155_0096_0105_0105.jpg 1 155 96 105 105
positives\0146_0146_0018_0182_0182.jpg 1 146 18 182 182
positives\0147_0180_0061_0177_0177.jpg 1 180 61 177 177
positives\0148_0171_0032_0114_0114.jpg 1 171 32 114 114
positives\0149_0237_0127_0084_0084.jpg 1 237 127 84 84
positives\0150_0112_0069_0066_0066.jpg 1 112 69 66 66
positives\0151_0329_0145_0062_0062.jpg 1 329 145 62 62
positives\0152_0051_0021_0134_0134.jpg 1 51 21 134 134
positives\0153_0247_0044_0094_0094.jpg 1 247 44 94 94
positives\0154_0195_0027_0168_0168.jpg 1 195 27 168 168
positives\0155_0267_0079_0135_0135.jpg 1 267 79 135 135
positives\0156_0119_0056_0150_0150.jpg 1 119 56 150 150
positives\0157_0079_0032_0144_0144.jpg 1 79 32 144 144
positives\0158_0130_0012_0173_0173.jpg 1 130 12 173 173
positives\0159_0288_0143_0089_0089.jpg 1 288 143 89 89
positives\0160_0157_0072_0082_0082.jpg 1 157 72 82 82
positives\0161_0091_0080_0035_0035.jpg 1 91 80 35 35
positives\0162_0088_0113_0034_0034.jpg 1 88 113 34 34
positives\0163_0234_0051_0149_0149.jpg 1 234 51 149 149
positives\0164_0063_0022_0132_0132.jpg 1 63 22 132 132
positives\0165_0061_0113_0115_0115.jpg 1 61 113 115 115
positives\0166_0283_0047_0062_0062.jpg 1 283 47 62 62
positives\0167_0179_0170_0037_0037.jpg 1 179 170 37 37
positives\0168_0104_0091_0041_0041.jpg 1 104 91 41 41
positives\0169_0252_0115_0029_0029.jpg 1 252 115 29 29
positives\0170_0077_0013_0139_0139.jpg 1 77 13 139 139
positives\0171_0152_0028_0131_0131.jpg 1 152 28 131 131
positives\0172_0245_0098_0061_0061.jpg 1 245 98 61 61
positives\0173_0039_0021_0149_0149.jpg 1 39 21 149 149
positives\0174_0226_0136_0049_0049.jpg 1 226 136 49 49
positives\0175_0084_0050_0183_0183.jpg 1 84 50 183 183
positives\0176_0096_0046_0058_0058.jpg 1 96 46 58 58
positives\0177_0313_0075_0058_0058.jpg 1 313 75 58 58
positives\0178_0307_0128_0074_0074.jpg 1 307 128 74 74
positives\0179_0091_0081_0120_0120.jpg 1 91 81 120 120
positives\0180_0046_0177_0036_0036.jpg 1 46 177 36 36
positives\0181_0283_0064_0078_0078.jpg 1 283 64 78 78
positives\0182_0077_0036_0188_0188.jpg 1 77 36 188 188
positives\0183_0154_0090_0029_0029.jpg 1 154 90 29 29
positives\0184_0095_0029_0088_0088.jpg 1 95 29 88 88
positives\0185_0094_0076_0124_0124.jpg 1 94 76 124 124
positives\0186_0072_0044_0083_0083.jpg 1 72 44 83 83
positives\0187_0155_0096_0125_0125.jpg 1 155 96 125 125
positives\0188_0074_0066_0152_0152.jpg 1 74 66 152 152
positives\0189_0107_0114_0068_0068.jpg 1 107 114 68 68
positives\0190_0108_0169_0048_0048.jpg 1 108 169 48 48
positives\0191_0201_0087_0151_0151.jpg 1 201 87 151 151
positives\0192_0174_0047_0069_0069.jpg 1 174 47 69 69
positives\0193_0109_0019_0178_0178.jpg 1 109 19 178 178
positives\0194_0160_0035_0188_0188.jpg 1 160 35 188 188
positives\0195_0075_0076_0045_0045.jpg 1 75 76 45 45
positives\0196_0222_0067_0171_0171.jpg 1 222 67 171 171
positives\0197_0083_0048_0079_0079.jpg 1 83 48 79 79
positives\0198_0249_0121_0107_0107.jpg 1 249 121 107 107
positives\0199_0261_0083_0107_0107.jpg 1 261 83 107 107
positives\0200_0056_0032_0148_0148.jpg 1 56 32 148 148
positives\0201_0279_0041_0121_0121.jpg 1 279 41 121 121
positives\0202_0117_0096_0103_0103.jpg 1 117 96 103 103
positives\0203_0078_0049_0188_0188.jpg 1 78 49 188 188
positives\0204_0121_0039_0132_0132.jpg 1 121 39 132 132
positives\0205_0100_0098_0097_0097.jpg 1 100 98 97 97
positives\0206_0116_0018_0175_0175.jpg 1 116 18 175 175
positives\0207_0216_0035_0147_0147.jpg 1 216 35 147 147
positives\0208_0053_0076_0165_0165.jpg 1 53 76 165 165
positives\0209_0132_0058_0186_0186.jpg 1 132 58 186 186
positives\0210_0146_0099_0039_0039.jpg 1 146 99 39 39
positives\0211_0217_0030_0034_0034.jpg 1 217 30 34 34
positives\0212_0178_0083_0151_0151.jpg 1 178 83 151 151
positives\0213_0154_0059_0028_0028.jpg 1 154 59 28 28
positives\0214_0232_0023_0177_0177.jpg 1 232 23 177 177
positives\0215_0241_0118_0098_0098.jpg 1 241 118 98 98
positives\0216_0142_0097_0099_0099.jpg 1 142 97 99 99
positives\0217_0260_0129_0104_0104.jpg 1 260 129 104 104
positives\0218_0230_0029_0143_0143.jpg 1 230 29 143 143
positives\0219_0276_0135_0065_0065.jpg 1 276 135 65 65
positives\0220_0135_0125_0086_0086.jpg 1 135 125 86 86
positives\0221_0282_0054_0063_0063.jpg 1 282 54 63 63
positives\0222_0289_0020_0111_0111.jpg 1 289 20 111 111
positives\0223_0054_0076_0033_0033.jpg 1 54 76 33 33
positives\0224_0231_0083_0135_0135.jpg 1 231 83 135 135
positives\0225_0040_0090_0118_0118.jpg 1 40 90 118 118
positives\0226_0168_0048_0130_0130.jpg 1 168 48 130 130
positives\0227_0276_0117_0090_0090.jpg 1 276 117 90 90
positives\0228_0084_0156_0061_0061.jpg 1 84 156 61 61
positives\0229_0142_0022_0179_0179.jpg 1 142 22 179 179
positives\0230_0227_0069_0179_0179.jpg 1 227 69 179 179
positives\0231_0131_0061_0164_0164.jpg 1 131 61 164 164
positives\0232_0112_0101_0131_0131.jpg 1 112 101 131 131
positives\0233_0057_0074_0113_0113.jpg 1 57 74 113 113
positives\0234_0188_0020_0142_0142.jpg 1 188 20 142 142
positives\0235_0119_0017_0155_0155.jpg 1 119 17 155 155
positives\0236_0291_0120_0033_0033.jpg 1 291 120 33 33
positives\0237_0094_0031_0080_0080.jpg 1 94 31 80 80
positives\0238_0219_0070_0172_0172.jpg 1 219 70 172 172
positives\0239_0084_0053_0188_0188.jpg 1 84 53 188 188
positives\0240_0296_0136_0074_0074.jpg 1 296 136 74 74
positives\0241_0266_0128_0106_0106.jpg 1 266 128 106 106
positives\0242_0097_0110_0098_0098.jpg 1 97 110 98 98
positives\0243_0104_0018_0162_0162.jpg 1 104 18 162 162
positives\0244_0223_0063_0176_0176.jpg 1 223 63 176 176
positives\0245_0259_0045_0120_0120.jpg 1 259 45 120 120
positives\0246_0220_0118_0084_0084.jpg 1 220 118 84 84
positives\0247_0114_0039_0186_0186.jpg 1 114 39 186 186
positives\0248_0153_0083_0074_0074.jpg 1 153 83 74 74
positives\0249_0208_0069_0064_0064.jpg 1 208 69 64 64
positives\0250_0080_0044_0112_0112.jpg 1 80 44 112 112
positives\0251_0104_0058_0155_0155.jpg 1 104 58 155 155
positives\0252_0257_0063_0133_0133.jpg 1 257 63 133 133
positives\0253_0073_0033_0087_0087.jpg 1 73 33 87 87
positives\0254_0076_0043_0125_0125.jpg 1 76 43 125 125
positives\0255_0315_0025_0066_0066.jpg 1 315 25 66 66
positives\0256_0214_0094_0058_0058.jpg 1 214 94 58 58
positives\0257_0199_0097_0123_0123.jpg 1 199 97 123 123
positives\0258_0049_0027_0095_0095.jpg 1 49 27 95 95
positives\0259_0130_0118_0033_0033.jpg 1 130 118 33 33
positives\0260_0341_0163_0049_0049.jpg 1 341 163 49 49
positives\0261_0251_0090_0074_0074.jpg 1 251 90 74 74
positives\0262_0058_0055_0078_0078.jpg 1 58 55 78 78
positives\0263_0234_0034_0159_0159.jpg 1 234 34 159 159
positives\0264_0125_0080_0136_0136.jpg 1 125 80 136 136
positives\0265_0192_0087_0136_0136.jpg 1 192 87 136 136
positives\0266_0045_0143_0086_0086.jpg 1 45 143 86 86
positives\0267_0343_0034_0041_0041.jpg 1 343 34 41 41
positives\0268_0161_0106_0124_0124.jpg 1 161 106 124 124
positives\0269_0078_0050_0145_0145.jpg 1 78 50 145 145
positives\0270_0150_0023_0147_0147.jpg 1 150 23 147 147
positives\0271_0200_0058_0125_0125.jpg 1 200 58 125 125
positives\0272_0203_0153_0027_0027.jpg 1 203 153 27 27
positives\0273_0060_0042_0164_0164.jpg 1 60 42 164 164
positives\0274_0087_0155_0024_0024.jpg 1 87 155 24 24
positives\0275_0097_0080_0104_0104.jpg 1 97 80 104 104
positives\0276_0153_0032_0077_0077.jpg 1 153 32 77 77
positives\0277_0124_0022_0152_0152.jpg 1 124 22 152 152
positives\0278_0129_0146_0068_0068.jpg 1 129 146 68 68
positives\0279_0151_0029_0062_0062.jpg 1 151 29 62 62
positives\0280_0271_0041_0118_0118.jpg 1 271 41 118 118
positives\0281_0190_0063_0181_0181.jpg 1 190 63 181 181
positives\0282_0269_0099_0109_0109.jpg 1 269 99 109 109
positives\0283_0201_0049_0174_0174.jpg 1 201 49 174 174
positives\0284_0091_0063_0045_0045.jpg 1 91 63 45 45
positives\0285_0247_0077_0098_0098.jpg 1 247 77 98 98
positives\0286_0191_0038_0185_0185.jpg 1 191 38 185 185
positives\0287_0044_0022_0157_0157.jpg 1 44 22 157 157
positives\0288_0277_0116_0071_0071.jpg 1 277 116 71 71
positives\0289_0131_0122_0073_0073.jpg 1 131 122 73 73
positives\0290_0141_0031_0162_0162.jpg 1 141 31 162 162
positives\0291_0176_0031_0152_0152.jpg 1 176 31 152 152
positives\0292_0245_0087_0159_0159.jpg 1 245 87 159 159
positives\0293_0207_0110_0058_0058.jpg 1 207 110 58 58
positives\0294_0092_0064_0164_0164.jpg 1 92 64 164 164
positives\0295_0175_0019_0166_0166.jpg 1 175 19 166 166
positives\0296_0129_0123_0024_0024.jpg 1 129 123 24 24
positives\0297_0183_0038_0111_0111.jpg 1 183 38 111 111
positives\0298_0207_0068_0184_0184.jpg 1 207 68 184 184
positives\0299_0244_0058_0169_0169.jpg 1 244 58 169 169
positives\0300_0143_0058_0160_0160.jpg 1 143 58 160 160
positives\0301_0067_0020_0162_0162.jpg 1 67 20 162 162
positives\0302_0160_0036_0186_0186.jpg 1 160 36 186 186
positives\0303_0057_0061_0185_0185.jpg 1 57 61 185 185
positives\0304_0265_0053_0130_0130.jpg 1 265 53 130 130
positives\0305_0312_0094_0051_0051.jpg 1 312 94 51 51
positives\0306_0181_0073_0170_0170.jpg 1 181 73 170 170
positives\0307_0047_0013_0160_0160.jpg 1 47 13 160 160
positives\0308_0129_0061_0163_0163.jpg 1 129 61 163 163
positives\0309_0220_0062_0178_0178.jpg 1 220 62 178 178
positives\0310_0160_0078_0081_0081.jpg 1 160 78 81 81
positives\0311_0302_0091_0041_0041.jpg 1 302 91 41 41
positives\0312_0333_0087_0029_0029.jpg 1 333 87 29 29
positives\0313_0340_0174_0039_0039.jpg 1 340 174 39 39
positives\0314_0262_0063_0096_0096.jpg 1 262 63 96 96
positives\0315_0113_0062_0147_0147.jpg 1 113 62 147 147
positives\0316_0107_0065_0160_0160.jpg 1 107 65 160 160
positives\0317_0224_0019_0176_0176.jpg 1 224 19 176 176
positives\0318_0106_0073_0175_0175.jpg 1 106 73 175 175
positives\0319_0261_0133_0028_0028.jpg 1 261 133 28 28
positives\0320_0065_0092_0154_0154.jpg 1 65 92 154 154
positives\0321_0296_0175_0040_0040.jpg 1 296 175 40 40
positives\0322_0091_0127_0047_0047.jpg 1 91 127 47 47
positives\0323_0089_0063_0166_0166.jpg 1 89 63 166 166
positives\0324_0195_0081_0160_0160.jpg 1 195 81 160 160
positives\0325_0118_0035_0147_0147.jpg 1 118 35 147 147
positives\0326_0086_0062_0105_0105.jpg 1 86 62 105 105
positives\0327_0202_0057_0151_0151.jpg 1 202 57 151 151
positives\0328_0226_0033_0144_0144.jpg 1 226 33 144 144
positives\0329_0038_0028_0135_0135.jpg 1 38 28 135 135
positives\0330_0213_0110_0100_0100.jpg 1 213 110 100 100
positives\0331_0095_0052_0086_0086.jpg 1 95 52 86 86
positives\0332_0056_0041_0082_0082.jpg 1 56 41 82 82
positives\0333_0085_0135_0065_0065.jpg 1 85 135 65 65
positives\0334_0090_0016_0179_0179.jpg 1 90 16 179 179
positives\0335_0116_0189_0026_0026.jpg 1 116 189 26 26
positives\0336_0148_0025_0186_0186.jpg 1 148 25 186 186
positives\0337_0099_0030_0141_0141.jpg 1 99 30 141 141
positives\0338_0210_0058_0093_0093.jpg 1 210 58 93 93
positives\0339_0136_0075_0055_0055.jpg 1 136 75 55 55
positives\0340_0183_0131_0065_0065.jpg 1 183 131 65 65
positives\0341_0103_0122_0074_0074.jpg 1 103 122 74 74
positives\0342_0276_0043_0117_0117.jpg 1 276 43 117 117
positives\0343_0057_0067_0061_0061.jpg 1 57 67 61 61
positives\0344_0233_0029_0178_0178.jpg 1 233 29 178 178
positives\0345_0110_0048_0139_0139.jpg 1 110 48 139 139
positives\0346_0334_0129_0055_0055.jpg 1 334 129 55 55
positives\0347_0095_0026_0107_0107.jpg 1 95 26 107 107
positives\0348_0108_0046_0180_0180.jpg 1 108 46 180 180
positives\0349_0090_0092_0154_0154.jpg 1 90 92 154 154
positives\0350_0143_0062_0170_0170.jpg 1 143 62 170 170
positives\0351_0143_0099_0123_0123.jpg 1 143 99 123 123
positives\0352_0093_0094_0137_0137.jpg 1 93 94 137 137
positives\0353_0094_0084_0035_0035.jpg 1 94 84 35 35
positives\0354_0155_0114_0038_0038.jpg 1 155 114 38 38
positives\0355_0123_0045_0187_0187.jpg 1 123 45 187 187
positives\0356_0188_0033_0074_0074.jpg 1 188 33 74 74
positives\0357_0069_0027_0119_0119.jpg 1 69 27 119 119
positives\0358_0143_0062_0178_0178.jpg 1 143 62 178 178
positives\0359_0063_0026_0129_0129.jpg 1 63 26 129 129
positives\0360_0200_0054_0060_0060.jpg 1 200 54 60 60
positives\0361_0176_0040_0133_0133.jpg 1 176 40 133 133
positives\0362_0207_0064_0124_0124.jpg 1 207 64 124 124
positives\0363_0092_0094_0114_0114.jpg 1 92 94 114 114
positives\0364_0148_0061_0177_0177.jpg 1 148 61 177 177
positives\0365_0109_0067_0046_0046.jpg 1 109 67 46 46
positives\0366_0272_0148_0056_0056.jpg 1 272 148 56 56
positives\0367_0169_0075_0060_0060.jpg 1 169 75 60 60
positives\0368_0114_0166_0040_0040.jpg 1 114 166 40 40
positives\0369_0263_0085_0125_0125.jpg 1 263 85 125 125
positives\0370_0218_0068_0092_0092.jpg 1 218 68 92 92
positives\0371_0293_0116_0053_0053.jpg 1 293 116 53 53
positives\0372_0140_0011_0165_0165.jpg 1 140 11 165 165
positives\0373_0104_0123_0100_0100.jpg 1 104 123 100 100
positives\0374_0190_0061_0131_0131.jpg 1 190 61 131 131
positives\0375_0207_0074_0118_0118.jpg 1 207 74 118 118
positives\0376_0217_0175_0029_0029.jpg 1 217 175 29 29
positives\0377_0131_0030_0106_0106.jpg 1 131 30 106 106
positives\0378_0122_0029_0085_0085.jpg 1 122 29 85 85
positives\0379_0101_0140_0064_0064.jpg 1 101 140 64 64
positives\0380_0205_0065_0028_0028.jpg 1 205 65 28 28
positives\0381_0225_0038_0098_0098.jpg 1 225 38 98 98
positives\0382_0169_0045_0095_0095.jpg 1 169 45 95 95
positives\0383_0121_0041_0071_0071.jpg 1 121 41 71 71
positives\0384_0217_0066_0170_0170.jpg 1 217 66 170 170
positives\0385_0146_0066_0123_0123.jpg 1 146 66 123 123
positives\0386_0196_0024_0141_0141.jpg 1 196 24 141 141
positives\0387_0161_0074_0154_0154.jpg 1 161 74 154 154
positives\0388_0174_0035_0134_0134.jpg 1 174 35 134 134
positives\0389_0097_0044_0030_0030.jpg 1 97 44 30 30
positives\0390_0150_0071_0139_0139.jpg 1 150 71 139 139
positives\0391_0180_0119_0108_0108.jpg 1 180 119 108 108
positives\0392_0163_0073_0125_0125.jpg 1 163 73 125 125
positives\0393_0071_0059_0096_0096.jpg 1 71 59 96 96
positives\0394_0058_0081_0142_0142.jpg 1 58 81 142 142
positives\0395_0109_0082_0159_0159.jpg 1 109 82 159 159
positives\0396_0184_0056_0103_0103.jpg 1 184 56 103 103
positives\0397_0146_0060_0183_0183.jpg 1 146 60 183 183
positives\0398_0137_0048_0134_0134.jpg 1 137 48 134 134
positives\0399_0245_0080_0120_0120.jpg 1 245 80 120 120
positives\0400_0156_0036_0187_0187.jpg 1 156 36 187 187
positives\0401_0186_0020_0137_0137.jpg 1 186 20 137 137
positives\0402_0034_0064_0143_0143.jpg 1 34 64 143 143
positives\0403_0132_0140_0086_0086.jpg 1 132 140 86 86
positives\0404_0212_0174_0038_0038.jpg 1 212 174 38 38
positives\0405_0251_0091_0095_0095.jpg 1 251 91 95 95
positives\0406_0168_0058_0144_0144.jpg 1 168 58 144 144
positives\0407_0043_0047_0053_0053.jpg 1 43 47 53 53
positives\0408_0271_0137_0025_0025.jpg 1 271 137 25 25
positives\0409_0235_0008_0184_0184.jpg 1 235 8 184 184
positives\0410_0177_0163_0058_0058.jpg 1 177 163 58 58
positives\0411_0183_0078_0072_0072.jpg 1 183 78 72 72
positives\0412_0234_0053_0056_0056.jpg 1 234 53 56 56
positives\0413_0087_0143_0082_0082.jpg 1 87 143 82 82
positives\0414_0120_0023_0178_0178.jpg 1 120 23 178 178
positives\0415_0071_0011_0188_0188.jpg 1 71 11 188 188
positives\0416_0171_0030_0061_0061.jpg 1 171 30 61 61
positives\0417_0153_0049_0083_0083.jpg 1 153 49 83 83
positives\0418_0284_0056_0084_0084.jpg 1 284 56 84 84
positives\0419_0048_0069_0134_0134.jpg 1 48 69 134 134
positives\0420_0130_0078_0116_0116.jpg 1 130 78 116 116
positives\0421_0182_0069_0179_0179.jpg 1 182 69 179 179
positives\0422_0061_0045_0170_0170.jpg 1 61 45 170 170
positives\0423_0121_0114_0121_0121.jpg 1 121 114 121 121
positives\0424_0243_0062_0033_0033.jpg 1 243 62 33 33
positives\0425_0063_0031_0154_0154.jpg 1 63 31 154 154
positives\0426_0191_0070_0092_0092.jpg 1 191 70 92 92
positives\0427_0037_0051_0170_0170.jpg 1 37 51 170 170
positives\0428_0126_0042_0144_0144.jpg 1 126 42 144 144
positives\0429_0311_0115_0079_0079.jpg 1 311 115 79 79
positives\0430_0148_0054_0055_0055.jpg 1 148 54 55 55
positives\0431_0152_0054_0049_0049.jpg 1 152 54 49 49
positives\0432_0186_0026_0120_0120.jpg 1 186 26 120 120
positives\0433_0087_0161_0045_0045.jpg 1 87 161 45 45
positives\0434_0082_0050_0102_0102.jpg 1 82 50 102 102
positives\0435_0261_0045_0110_0110.jpg 1 261 45 110 110
positives\0436_0061_0064_0058_0058.jpg 1 61 64 58 58
positives\0437_0117_0090_0150_0150.jpg 1 117 90 150 150
positives\0438_0072_0103_0106_0106.jpg 1 72 103 106 106
positives\0439_0238_0021_0169_0169.jpg 1 238 21 169 169
positives\0440_0060_0056_0034_0034.jpg 1 60 56 34 34
positives\0441_0235_0020_0146_0146.jpg 1 235 20 146 146
positives\0442_0251_0086_0134_0134.jpg 1 251 86 134 134
positives\0443_0048_0032_0099_0099.jpg 1 48 32 99 99
positives\0444_0180_0126_0066_0066.jpg 1 180 126 66 66
positives\0445_0203_0023_0145_0145.jpg 1 203 23 145 145
positives\0446_0249_0044_0079_0079.jpg 1 249 44 79 79
positives\0447_0191_0027_0098_0098.jpg 1 191 27 98 98
positives\0448_0131_0057_0182_0182.jpg 1 131 57 182 182
positives\0449_0133_0107_0129_0129.jpg 1 133 107 129 129
positives\0450_0171_0061_0153_0153.jpg 1 171 61 153 153
positives\0451_0247_0043_0156_0156.jpg 1 247 43 156 156
positives\0452_0161_0038_0166_0166.jpg 1 161 38 166 166
positives\0453_0084_0073_0104_0104.jpg 1 84 73 104 104
positives\0454_0051_0081_0061_0061.jpg 1 51 81 61 61
positives\0455_0219_0141_0035_0035.jpg 1 219 141 35 35
positives\0456_0262_0112_0045_0045.jpg 1 262 112 45 45
positives\0457_0092_0078_0167_0167.jpg 1 92 78 167 167
positives\0458_0184_0080_0146_0146.jpg 1 184 80 146 146
positives\0459_0211_0067_0125_0125.jpg 1 211 67 125 125
positives\0460_0219_0060_0149_0149.jpg 1 219 60 149 149
positives\0461_0221_0027_0051_0051.jpg 1 221 27 51 51
positives\0462_0209_0024_0107_0107.jpg 1 209 24 107 107
positives\0463_0235_0113_0114_0114.jpg 1 235 113 114 114
positives\0464_0108_0063_0178_0178.jpg 1 108 63 178 178
positives\0465_0152_0061_0176_0176.jpg 1 152 61 176 176
positives\0466_0095_0186_0024_0024.jpg 1 95 186 24 24
positives\0467_0216_0057_0162_0162.jpg 1 216 57 162 162
positives\0468_0147_0069_0033_0033.jpg 1 147 69 33 33
positives\0469_0316_0063_0079_0079.jpg 1 316 63 79 79
positives\0470_0223_0053_0178_0178.jpg 1 223 53 178 178
positives\0471_0069_0120_0084_0084.jpg 1 69 120 84 84
positives\0472_0184_0052_0027_0027.jpg 1 184 52 27 27
positives\0473_0139_0104_0057_0057.jpg 1 139 104 57 57
positives\0474_0126_0074_0058_0058.jpg 1 126 74 58 58
positives\0475_0178_0056_0137_0137.jpg 1 178 56 137 137
positives\0476_0332_0178_0036_0036.jpg 1 332 178 36 36
positives\0477_0152_0049_0095_0095.jpg 1 152 49 95 95
positives\0478_0225_0020_0143_0143.jpg 1 225 20 143 143
positives\0479_0251_0113_0071_0071.jpg 1 251 113 71 71
positives\0480_0170_0166_0051_0051.jpg 1 170 166 51 51
positives\0481_0203_0047_0076_0076.jpg 1 203 47 76 76
positives\0482_0232_0058_0048_0048.jpg 1 232 58 48 48
positives\0483_0190_0022_0132_0132.jpg 1 190 22 132 132
positives\0484_0235_0028_0165_0165.jpg 1 235 28 165 165
positives\0485_0296_0022_0082_0082.jpg 1 296 22 82 82
positives\0486_0209_0046_0152_0152.jpg 1 209 46 152 152
positives\0487_0279_0055_0089_0089.jpg 1 279 55 89 89
positives\0488_0213_0014_0180_0180.jpg 1 213 14 180 180
positives\0489_0144_0045_0171_0171.jpg 1 144 45 171 171
positives\0490_0315_0050_0064_0064.jpg 1 315 50 64 64
positives\0491_0241_0072_0078_0078.jpg 1 241 72 78 78
positives\0492_0200_0016_0138_0138.jpg 1 200 16 138 138
positives\0493_0209_0042_0087_0087.jpg 1 209 42 87 87
positives\0494_0210_0066_0167_0167.jpg 1 210 66 167 167
positives\0495_0235_0049_0119_0119.jpg 1 235 49 119 119
positives\0496_0115_0104_0097_0097.jpg 1 115 104 97 97
positives\0497_0218_0040_0188_0188.jpg 1 218 40 188 188
positives\0498_0053_0069_0149_0149.jpg 1 53 69 149 149
positives\0499_0260_0047_0031_0031.jpg 1 260 47 31 31
positives\0500_0105_0052_0151_0151.jpg 1 105 52 151 151
positives\0501_0325_0026_0048_0048.jpg 1 325 26 48 48
positives\0502_0200_0034_0172_0172.jpg 1 200 34 172 172
positives\0503_0043_0086_0064_0064.jpg 1 43 86 64 64
positives\0504_0329_0084_0030_0030.jpg 1 329 84 30 30
positives\0505_0050_0018_0185_0185.jpg 1 50 18 185 185
positives\0506_0340_0031_0025_0025.jpg 1 340 31 25 25
positives\0507_0283_0116_0078_0078.jpg 1 283 116 78 78
positives\0508_0074_0080_0138_0138.jpg 1 74 80 138 138
positives\0509_0049_0028_0123_0123.jpg 1 49 28 123 123
positives\0510_0203_0061_0148_0148.jpg 1 203 61 148 148
positives\0511_0150_0062_0074_0074.jpg 1 150 62 74 74
positives\0512_0290_0062_0060_0060.jpg 1 290 62 60 60
positives\0513_0189_0058_0079_0079.jpg 1 189 58 79 79
positives\0514_0092_0114_0059_0059.jpg 1 92 114 59 59
positives\0515_0163_0034_0069_0069.jpg 1 163 34 69 69
positives\0516_0114_0124_0098_0098.jpg 1 114 124 98 98
positives\0517_0177_0044_0158_0158.jpg 1 177 44 158 158
positives\0518_0312_0137_0052_0052.jpg 1 312 137 52 52
positives\0519_0214_0097_0118_0118.jpg 1 214 97 118 118
positives\0520_0253_0063_0051_0051.jpg 1 253 63 51 51
positives\0521_0257_0076_0123_0123.jpg 1 257 76 123 123
positives\0522_0044_0085_0153_0153.jpg 1 44 85 153 153
positives\0523_0257_0049_0148_0148.jpg 1 257 49 148 148
positives\0524_0205_0046_0181_0181.jpg 1 205 46 181 181
positives\0525_0115_0065_0172_0172.jpg 1 115 65 172 172
positives\0526_0327_0070_0029_0029.jpg 1 327 70 29 29
positives\0527_0260_0172_0048_0048.jpg 1 260 172 48 48
positives\0528_0328_0133_0040_0040.jpg 1 328 133 40 40
positives\0529_0143_0069_0053_0053.jpg 1 143 69 53 53
positives\0530_0201_0101_0081_0081.jpg 1 201 101 81 81
positives\0531_0199_0014_0172_0172.jpg 1 199 14 172 172
positives\0532_0094_0135_0039_0039.jpg 1 94 135 39 39
positives\0533_0224_0111_0043_0043.jpg 1 224 111 43 43
positives\0534_0233_0039_0120_0120.jpg 1 233 39 120 120
positives\0535_0081_0091_0085_0085.jpg 1 81 91 85 85
positives\0536_0130_0074_0152_0152.jpg 1 130 74 152 152
positives\0537_0224_0119_0094_0094.jpg 1 224 119 94 94
positives\0538_0216_0060_0163_0163.jpg 1 216 60 163 163
positives\0539_0074_0121_0025_0025.jpg 1 74 121 25 25
positives\0540_0306_0118_0082_0082.jpg 1 306 118 82 82
positives\0541_0177_0072_0176_0176.jpg 1 177 72 176 176
positives\0542_0164_0032_0052_0052.jpg 1 164 32 52 52
positives\0543_0338_0070_0050_0050.jpg 1 338 70 50 50
positives\0544_0156_0063_0155_0155.jpg 1 156 63 155 155
positives\0545_0158_0103_0140_0140.jpg 1 158 103 140 140
positives\0546_0083_0109_0104_0104.jpg 1 83 109 104 104
positives\0547_0091_0086_0076_0076.jpg 1 91 86 76 76
positives\0548_0243_0044_0169_0169.jpg 1 243 44 169 169
positives\0549_0052_0094_0141_0141.jpg 1 52 94 141 141
positives\0550_0315_0117_0035_0035.jpg 1 315 117 35 35
positives\0551_0287_0086_0118_0118.jpg 1 287 86 118 118
positives\0552_0119_0080_0039_0039.jpg 1 119 80 39 39
positives\0553_0288_0019_0094_0094.jpg 1 288 19 94 94
positives\0554_0167_0117_0080_0080.jpg 1 167 117 80 80
positives\0555_0048_0110_0037_0037.jpg 1 48 110 37 37
positives\0556_0126_0029_0164_0164.jpg 1 126 29 164 164
positives\0557_0187_0062_0156_0156.jpg 1 187 62 156 156
positives\0558_0159_0055_0177_0177.jpg 1 159 55 177 177
positives\0559_0042_0027_0144_0144.jpg 1 42 27 144 144
positives\0560_0139_0063_0137_0137.jpg 1 139 63 137 137
positives\0561_0294_0058_0071_0071.jpg 1 294 58 71 71
positives\0562_0268_0052_0082_0082.jpg 1 268 52 82 82
positives\0563_0063_0099_0129_0129.jpg 1 63 99 129 129
positives\0564_0121_0027_0117_0117.jpg 1 121 27 117 117
positives\0565_0147_0024_0149_0149.jpg 1 147 24 149 149
positives\0566_0274_0161_0040_0040.jpg 1 274 161 40 40
positives\0567_0049_0124_0085_0085.jpg 1 49 124 85 85
positives\0568_0064_0027_0025_0025.jpg 1 64 27 25 25
positives\0569_0292_0116_0098_0098.jpg 1 292 116 98 98
positives\0570_0071_0131_0024_0024.jpg 1 71 131 24 24
positives\0571_0160_0118_0052_0052.jpg 1 160 118 52 52
positives\0572_0121_0102_0083_0083.jpg 1 121 102 83 83
positives\0573_0086_0101_0045_0045.jpg 1 86 101 45 45
positives\0574_0231_0056_0157_0157.jpg 1 231 56 157 157
positives\0575_0328_0034_0067_0067.jpg 1 328 34 67 67
positives\0576_0260_0127_0031_0031.jpg 1 260 127 31 31
positives\0577_0292_0054_0111_0111.jpg 1 292 54 111 111
positives\0578_0250_0045_0150_0150.jpg 1 250 45 150 150
positives\0579_0217_0074_0149_0149.jpg 1 217 74 149 149
positives\0580_0172_0075_0045_0045.jpg 1 172 75 45 45
positives\0581_0048_0130_0061_0061.jpg 1 48 130 61 61
positives\0582_0097_0042_0166_0166.jpg 1 97 42 166 166
positives\0583_0351_0151_0024_0024.jpg 1 351 151 24 24
positives\0584_0100_0133_0037_0037.jpg 1 100 133 37 37
positives\0585_0292_0141_0084_0084.jpg 1 292 141 84 84
positives\0586_0353_0148_0036_0036.jpg 1 353 148 36 36
positives\0587_0078_0058_0137_0137.jpg 1 78 58 137 137
positives\0588_0136_0039_0085_0085.jpg 1 136 39 85 85
positives\0589_0155_0130_0044_0044.jpg 1 155 130 44 44
positives\0590_0159_0035_0090_0090.jpg 1 159 35 90 90
positives\0591_0094_0172_0054_0054.jpg 1 94 172 54 54
positives\0592_0322_0152_0058_0058.jpg 1 322 152 58 58
positives\0593_0275_0126_0085_0085.jpg 1 275 126 85 85
positives\0594_0111_0113_0026_0026.jpg 1 111 113 26 26
positives\0595_0057_0103_0103_0103.jpg 1 57 103 103 103
positives\0596_0318_0086_0072_0072.jpg 1 318 86 72 72
positives\0597_0332_0034_0037_0037.jpg 1 332 34 37 37
positives\0598_0057_0075_0175_0175.jpg 1 57 75 175 175
positives\0599_0208_0053_0174_0174.jpg 1 208 53 174 174
positives\0600_0352_0047_0030_0030.jpg 1 352 47 30 30
positives\0601_0315_0026_0081_0081.jpg 1 315 26 81 81
positives\0602_0299_0139_0078_0078.jpg 1 299 139 78 78
positives\0603_0164_0065_0147_0147.jpg 1 164 65 147 147
positives\0604_0204_0099_0115_0115.jpg 1 204 99 115 115
positives\0605_0138_0038_0155_0155.jpg 1 138 38 155 155
positives\0606_0159_0112_0030_0030.jpg 1 159 112 30 30
positives\0607_0210_0041_0146_0146.jpg 1 210 41 146 146
positives\0608_0061_0169_0049_0049.jpg 1 61 169 49 49
positives\0609_0282_0062_0106_0106.jpg 1 282 62 106 106
positives\0610_0031_0079_0170_0170.jpg 1 31 79 170 170
positives\0611_0111_0035_0049_0049.jpg 1 111 35 49 49
positives\0612_0270_0093_0140_0140.jpg 1 270 93 140 140
positives\0613_0193_0026_0079_0079.jpg 1 193 26 79 79
positives\0614_0252_0064_0129_0129.jpg 1 252 64 129 129
positives\0615_0234_0030_0115_0115.jpg 1 234 30 115 115
positives\0616_0138_0037_0168_0168.jpg 1 138 37 168 168
positives\0617_0198_0062_0188_0188.jpg 1 198 62 188 188
positives\0618_0065_0040_0132_0132.jpg 1 65 40 132 132
positives\0619_0069_0024_0159_0159.jpg 1 69 24 159 159
positives\0620_0143_0096_0044_0044.jpg 1 143 96 44 44
positives\0621_0169_0046_0157_0157.jpg 1 169 46 157 157
positives\0622_0180_0102_0109_0109.jpg 1 180 102 109 109
positives\0623_0358_0045_0031_0031.jpg 1 358 45 31 31
positives\0624_0289_0142_0065_0065.jpg 1 289 142 65 65
positives\0625_0133_0031_0164_0164.jpg 1 133 31 164 164
positives\0626_0153_0026_0133_0133.jpg 1 153 26 133 133
positives\0627_0118_0126_0112_0112.jpg 1 118 126 112 112
positives\0628_0085_0015_0167_0167.jpg 1 85 15 167 167
positives\0629_0053_0133_0093_0093.jpg 1 53 133 93 93
positives\0630_0139_0107_0072_0072.jpg 1 139 107 72 72
positives\0631_0071_0012_0155_0155.jpg 1 71 12 155 155
positives\0632_0092_0102_0027_0027.jpg 1 92 102 27 27
positives\0633_0206_0055_0139_0139.jpg 1 206 55 139 139
positives\0634_0276_0091_0059_0059.jpg 1 276 91 59 59
positives\0635_0314_0074_0034_0034.jpg 1 314 74 34 34
positives\0636_0211_0063_0118_0118.jpg 1 211 63 118 118
positives\0637_0280_0094_0073_0073.jpg 1 280 94 73 73
positives\0638_0200_0098_0082_0082.jpg 1 200 98 82 82
positives\0639_0093_0102_0091_0091.jpg 1 93 102 91 91
positives\0640_0088_0065_0178_0178.jpg 1 88 65 178 178
positives\0641_0067_0011_0179_0179.jpg 1 67 11 179 179
positives\0642_0060_0026_0110_0110.jpg 1 60 26 110 110
positives\0643_0121_0039_0177_0177.jpg 1 121 39 177 177
positives\0644_0243_0034_0140_0140.jpg 1 243 34 140 140
positives\0645_0194_0013_0175_0175.jpg 1 194 13 175 175
positives\0646_0198_0021_0173_0173.jpg 1 198 21 173 173
positives\0647_0078_0061_0154_0154.jpg 1 78 61 154 154
positives\0648_0134_0074_0139_0139.jpg 1 134 74 139 139
positives\0649_0098_0124_0111_0111.jpg 1 98 124 111 111
positives\0650_0117_0088_0078_0078.jpg 1 117 88 78 78
positives\0651_0285_0106_0119_0119.jpg 1 285 106 119 119
positives\0652_0256_0085_0083_0083.jpg 1 256 85 83 83
positives\0653_0139_0046_0139_0139.jpg 1 139 46 139 139
positives\0654_0291_0096_0083_0083.jpg 1 291 96 83 83
positives\0655_0124_0012_0165_0165.jpg 1 124 12 165 165
positives\0656_0152_0119_0065_0065.jpg 1 152 119 65 65
positives\0657_0196_0014_0127_0127.jpg 1 196 14 127 127
positives\0658_0349_0128_0041_0041.jpg 1 349 128 41 41
positives\0659_0270_0039_0139_0139.jpg 1 270 39 139 139
positives\0660_0054_0047_0091_0091.jpg 1 54 47 91 91
positives\0661_0250_0055_0072_0072.jpg 1 250 55 72 72
positives\0662_0110_0149_0044_0044.jpg 1 110 149 44 44
positives\0663_0118_0106_0046_0046.jpg 1 118 106 46 46
positives\0664_0186_0062_0044_0044.jpg 1 186 62 44 44
positives\0665_0195_0017_0129_0129.jpg 1 195 17 129 129
positives\0666_0117_0099_0073_0073.jpg 1 117 99 73 73
positives\0667_0132_0092_0031_0031.jpg 1 132 92 31 31
positives\0668_0245_0135_0094_0094.jpg 1 245 135 94 94
positives\0669_0342_0101_0043_0043.jpg 1 342 101 43 43
positives\0670_0151_0089_0091_0091.jpg 1 151 89 91 91
positives\0671_0238_0109_0064_0064.jpg 1 238 109 64 64
positives\0672_0033_0046_0184_0184.jpg 1 33 46 184 184
positives\0673_0302_0055_0075_0075.jpg 1 302 55 75 75
positives\0674_0211_0062_0061_0061.jpg 1 211 62 61 61
positives\0675_0152_0134_0091_0091.jpg 1 152 134 91 91
positives\0676_0138_0016_0181_0181.jpg 1 138 16 181 181
positives\0677_0083_0026_0026_0026.jpg 1 83 26 26 26
positives\0678_0161_0141_0066_0066.jpg 1 161 141 66 66
positives\0679_0237_0140_0047_0047.jpg 1 237 140 47 47
positives\0680_0180_0081_0119_0119.jpg 1 180 81 119 119
positives\0681_0103_0133_0082_0082.jpg 1 103 133 82 82
positives\0682_0138_0068_0166_0166.jpg 1 138 68 166 166
positives\0683_0146_0055_0155_0155.jpg 1 146 55 155 155
positives\0684_0116_0144_0048_0048.jpg 1 116 144 48 48
positives\0685_0200_0094_0140_0140.jpg 1 200 94 140 140
positives\0686_0049_0114_0121_0121.jpg 1 49 114 121 121
positives\0687_0092_0123_0086_0086.jpg 1 92 123 86 86
positives\0688_0321_0119_0078_0078.jpg 1 321 119 78 78
positives\0689_0151_0097_0136_0136.jpg 1 151 97 136 136
positives\0690_0249_0126_0090_0090.jpg 1 249 126 90 90
positives\0691_0230_0104_0125_0125.jpg 1 230 104 125 125
positives\0692_0260_0022_0080_0080.jpg 1 260 22 80 80
positives\0693_0144_0109_0081_0081.jpg 1 144 109 81 81
positives\0694_0101_0025_0154_0154.jpg 1 101 25 154 154
positives\0695_0136_0038_0063_0063.jpg 1 136 38 63 63
positives\0696_0254_0038_0152_0152.jpg 1 254 38 152 152
positives\0697_0135_0039_0097_0097.jpg 1 135 39 97 97
positives\0698_0243_0021_0155_0155.jpg 1 243 21 155 155
positives\0699_0154_0059_0172_0172.jpg 1 154 59 172 172
positives\0700_0242_0123_0080_0080.jpg 1 242 123 80 80
positives\0701_0053_0053_0170_0170.jpg 1 53 53 170 170
positives\0702_0057_0154_0026_0026.jpg 1 57 154 26 26
positives\0703_0102_0015_0138_0138.jpg 1 102 15 138 138
positives\0704_0248_0052_0030_0030.jpg 1 248 52 30 30
positives\0705_0177_0054_0118_0118.jpg 1 177 54 118 118
positives\0706_0196_0081_0024_0024.jpg 1 196 81 24 24
positives\0707_0199_0119_0027_0027.jpg 1 199 119 27 27
positives\0708_0196_0018_0175_0175.jpg 1 196 18 175 175
positives\0709_0069_0080_0082_0082.jpg 1 69 80 82 82
positives\0710_0124_0113_0099_0099.jpg 1 124 113 99 99
positives\0711_0101_0065_0186_0186.jpg 1 101 65 186 186
positives\0712_0055_0100_0133_0133.jpg 1 55 100 133 133
positives\0713_0239_0073_0144_0144.jpg 1 239 73 144 144
positives\0714_0212_0020_0111_0111.jpg 1 212 20 111 111
positives\0715_0241_0035_0111_0111.jpg 1 241 35 111 111
positives\0716_0351_0116_0025_0025.jpg 1 351 116 25 25
positives\0717_0239_0048_0160_0160.jpg 1 239 48 160 160
positives\0718_0102_0161_0031_0031.jpg 1 102 161 31 31
positives\0719_0266_0120_0090_0090.jpg 1 266 120 90 90
positives\0720_0159_0048_0160_0160.jpg 1 159 48 160 160
positives\0721_0185_0129_0072_0072.jpg 1 185 129 72 72
positives\0722_0037_0056_0148_0148.jpg 1 37 56 148 148
positives\0723_0203_0101_0031_0031.jpg 1 203 101 31 31
positives\0724_0203_0109_0082_0082.jpg 1 203 109 82 82
positives\0725_0067_0025_0175_0175.jpg 1 67 25 175 175
positives\0726_0080_0075_0117_0117.jpg 1 80 75 117 117
positives\0727_0263_0020_0113_0113.jpg 1 263 20 113 113
positives\0728_0126_0040_0180_0180.jpg 1 126 40 180 180
positives\0729_0149_0059_0084_0084.jpg 1 149 59 84 84
positives\0730_0242_0048_0105_0105.jpg 1 242 48 105 105
positives\0731_0130_0056_0166_0166.jpg 1 130 56 166 166
positives\0732_0273_0112_0114_0114.jpg 1 273 112 114 114
positives\0733_0225_0073_0168_0168.jpg 1 225 73 168 168
positives\0734_0144_0099_0104_0104.jpg 1 144 99 104 104
positives\0735_0169_0153_0032_0032.jpg 1 169 153 32 32
positives\0736_0074_0032_0187_0187.jpg 1 74 32 187 187
positives\0737_0058_0068_0156_0156.jpg 1 58 68 156 156
positives\0738_0057_0087_0055_0055.jpg 1 57 87 55 55
positives\0739_0323_0082_0038_0038.jpg 1 323 82 38 38
positives\0740_0117_0107_0119_0119.jpg 1 117 107 119 119
positives\0741_0225_0172_0045_0045.jpg 1 225 172 45 45
positives\0742_0209_0183_0030_0030.jpg 1 209 183 30 30
positives\0743_0125_0114_0097_0097.jpg 1 125 114 97 97
positives\0744_0069_0049_0178_0178.jpg 1 69 49 178 178
positives\0745_0209_0029_0062_0062.jpg 1 209 29 62 62
positives\0746_0143_0105_0058_0058.jpg 1 143 105 58 58
positives\0747_0209_0043_0180_0180.jpg 1 209 43 180 180
positives\0748_0224_0110_0057_0057.jpg 1 224 110 57 57
positives\0749_0119_0078_0157_0157.jpg 1 119 78 157 157
positives\0750_0183_0065_0186_0186.jpg 1 183 65 186 186
positives\0751_0226_0014_0146_0146.jpg 1 226 14 146 146
positives\0752_0277_0178_0025_0025.jpg 1 277 178 25 25
positives\0753_0272_0026_0065_0065.jpg 1 272 26 65 65
positives\0754_0047_0070_0099_0099.jpg 1 47 70 99 99
positives\0755_0177_0044_0174_0174.jpg 1 177 44 174 174
positives\0756_0127_0100_0036_0036.jpg 1 127 100 36 36
positives\0757_0246_0068_0145_0145.jpg 1 246 68 145 145
positives\0758_0095_0064_0161_0161.jpg 1 95 64 161 161
positives\0759_0207_0115_0119_0119.jpg 1 207 115 119 119
positives\0760_0249_0142_0043_0043.jpg 1 249 142 43 43
positives\0761_0144_0045_0046_0046.jpg 1 144 45 46 46
positives\0762_0184_0009_0188_0188.jpg 1 184 9 188 188
positives\0763_0134_0024_0121_0121.jpg 1 134 24 121 121
positives\0764_0269_0100_0100_0100.jpg 1 269 100 100 100
positives\0765_0226_0024_0102_0102.jpg 1 226 24 102 102
positives\0766_0301_0084_0089_0089.jpg 1 301 84 89 89
positives\0767_0182_0133_0047_0047.jpg 1 182 133 47 47
positives\0768_0130_0023_0115_0115.jpg 1 130 23 115 115
positives\0769_0206_0122_0074_0074.jpg 1 206 122 74 74
positives\0770_0229_0104_0069_0069.jpg 1 229 104 69 69
positives\0771_0303_0119_0039_0039.jpg 1 303 119 39 39
positives\0772_0097_0121_0034_0034.jpg 1 97 121 34 34
positives\0773_0237_0018_0183_0183.jpg 1 237 18 183 183
positives\0774_0134_0019_0184_0184.jpg 1 134 19 184 184
positives\0775_0218_0121_0078_0078.jpg 1 218 121 78 78
positives\0776_0116_0165_0036_0036.jpg 1 116 165 36 36
positives\0777_0250_0051_0113_0113.jpg 1 250 51 113 113
positives\0778_0124_0044_0165_0165.jpg 1 124 44 165 165
positives\0779_0035_0082_0148_0148.jpg 1 35 82 148 148
positives\0780_0246_0038_0166_0166.jpg 1 246 38 166 166
positives\0781_0255_0049_0141_0141.jpg 1 255 49 141 141
positives\0782_0144_0124_0043_0043.jpg 1 144 124 43 43
positives\0783_0232_0077_0060_0060.jpg 1 232 77 60 60
positives\0784_0064_0060_0173_0173.jpg 1 64 60 173 173
positives\0785_0334_0164_0040_0040.jpg 1 334 164 40 40
positives\0786_0276_0176_0042_0042.jpg 1 276 176 42 42
positives\0787_0239_0053_0164_0164.jpg 1 239 53 164 164
positives\0788_0170_0072_0118_0118.jpg 1 170 72 118 118
positives\0789_0305_0052_0055_0055.jpg 1 305 52 55 55
positives\0790_0144_0028_0037_0037.jpg 1 144 28 37 37
positives\0791_0098_0069_0114_0114.jpg 1 98 69 114 114
positives\0792_0160_0051_0147_0147.jpg 1 160 51 147 147
positives\0793_0236_0116_0094_0094.jpg 1 236 116 94 94
positives\0794_0157_0161_0035_0035.jpg 1 157 161 35 35
positives\0795_0089_0086_0147_0147.jpg 1 89 86 147 147
positives\0796_0053_0023_0122_0122.jpg 1 53 23 122 122
positives\0797_0137_0137_0048_0048.jpg 1 137 137 48 48
positives\0798_0121_0069_0080_0080.jpg 1 121 69 80 80
positives\0799_0039_0019_0133_0133.jpg 1 39 19 133 133
positives\0800_0292_0125_0026_0026.jpg 1 292 125 26 26
positives\0801_0115_0047_0174_0174.jpg 1 115 47 174 174
positives\0802_0116_0033_0177_0177.jpg 1 116 33 177 177
positives\0803_0213_0019_0174_0174.jpg 1 213 19 174 174
positives\0804_0248_0050_0041_0041.jpg 1 248 50 41 41
positives\0805_0071_0031_0170_0170.jpg 1 71 31 170 170
positives\0806_0287_0086_0081_0081.jpg 1 287 86 81 81
positives\0807_0174_0071_0026_0026.jpg 1 174 71 26 26
positives\0808_0090_0103_0045_0045.jpg 1 90 103 45 45
positives\0809_0109_0158_0032_0032.jpg 1 109 158 32 32
positives\0810_0116_0034_0106_0106.jpg 1 116 34 106 106
positives\0811_0106_0054_0118_0118.jpg 1 106 54 118 118
positives\0812_0249_0056_0156_0156.jpg 1 249 56 156 156
positives\0813_0149_0146_0076_0076.jpg 1 149 146 76 76
positives\0814_0297_0070_0088_0088.jpg 1 297 70 88 88
positives\0815_0133_0025_0139_0139.jpg 1 133 25 139 139
positives\0816_0034_0021_0172_0172.jpg 1 34 21 172 172
positives\0817_0132_0142_0082_0082.jpg 1 132 142 82 82
positives\0818_0301_0084_0075_0075.jpg 1 301 84 75 75
positives\0819_0136_0073_0091_0091.jpg 1 136 73 91 91
positives\0820_0117_0108_0078_0078.jpg 1 117 108 78 78
positives\0821_0074_0104_0071_0071.jpg 1 74 104 71 71
positives\0822_0043_0057_0122_0122.jpg 1 43 57 122 122
positives\0823_0221_0074_0170_0170.jpg 1 221 74 170 170
positives\0824_0056_0036_0132_0132.jpg 1 56 36 132 132
positives\0825_0265_0042_0130_0130.jpg 1 265 42 130 130
positives\0826_0163_0151_0077_0077.jpg 1 163 151 77 77
positives\0827_0109_0120_0105_0105.jpg 1 109 120 105 105
positives\0828_0131_0056_0181_0181.jpg 1 131 56 181 181
positives\0829_0037_0011_0161_0161.jpg 1 37 11 161 161
positives\0830_0046_0131_0080_0080.jpg 1 46 131 80 80
positives\0831_0146_0048_0103_0103.jpg 1 146 48 103 103
positives\0832_0233_0051_0117_0117.jpg 1 233 51 117 117
positives\0833_0160_0041_0032_0032.jpg 1 160 41 32 32
positives\0834_0209_0158_0071_0071.jpg 1 209 158 71 71
positives\0835_0187_0150_0054_0054.jpg 1 187 150 54 54
positives\0836_0154_0033_0116_0116.jpg 1 154 33 116 116
positives\0837_0055_0148_0082_0082.jpg 1 55 148 82 82
positives\0838_0087_0061_0032_0032.jpg 1 87 61 32 32
positives\0839_0198_0086_0140_0140.jpg 1 198 86 140 140
positives\0840_0050_0126_0025_0025.jpg 1 50 126 25 25
positives\0841_0249_0038_0081_0081.jpg 1 249 38 81 81
positives\0842_0174_0064_0172_0172.jpg 1 174 64 172 172
positives\0843_0136_0047_0063_0063.jpg 1 136 47 63 63
positives\0844_0245_0031_0056_0056.jpg 1 245 31 56 56
positives\0845_0174_0064_0132_0132.jpg 1 174 64 132 132
positives\0846_0267_0021_0057_0057.jpg 1 267 21 57 57
positives\0847_0173_0051_0130_0130.jpg 1 173 51 130 130
positives\0848_0183_0136_0026_0026.jpg 1 183 136 26 26
positives\0849_0060_0072_0067_0067.jpg 1 60 72 67 67
positives\0850_0308_0179_0032_0032.jpg 1 308 179 32 32
positives\0851_0252_0072_0146_0146.jpg 1 252 72 146 146
positives\0852_0054_0109_0074_0074.jpg 1 54 109 74 74
positives\0853_0144_0163_0055_0055.jpg 1 144 163 55 55
positives\0854_0046_0021_0082_0082.jpg 1 46 21 82 82
positives2\0001_0083_0030_0156_0156.jpg 1 83 30 156 156
positives2\0002_0075_0097_0090_0090.jpg 1 75 97 90 90
positives2\0003_0143_0034_0123_0123.jpg 1 143 34 123 123
positives2\0004_0104_0018_0146_0146.jpg 1 104 18 146 146
positives2\0005_0101_0084_0117_0117.jpg 1 101 84 117 117
positives2\0006_0230_0018_0108_0108.jpg 1 230 18 108 108
positives2\0007_0108_0067_0173_0173.jpg 1 108 67 173 173
positives2\0008_0293_0134_0054_0054.jpg 1 293 134 54 54
positives2\0009_0191_0046_0169_0169.jpg 1 191 46 169 169
positives2\0010_0229_0061_0160_0160.jpg 1 229 61 160 160
positives2\0011_0118_0080_0133_0133.jpg 1 118 80 133 133
positives2\0012_0095_0076_0135_0135.jpg 1 95 76 135 135
positives2\0013_0247_0118_0024_0024.jpg 1 247 118 24 24
positives2\0014_0182_0035_0052_0052.jpg 1 182 35 52 52
positives2\0015_0274_0039_0090_0090.jpg 1 274 39 90 90
positives2\0016_0210_0127_0050_0050.jpg 1 210 127 50 50
positives2\0017_0167_0015_0186_0186.jpg 1 167 15 186 186
positives2\0018_0088_0057_0151_0151.jpg 1 88 57 151 151
positives2\0019_0196_0141_0047_0047.jpg 1 196 141 47 47
positives2\0020_0231_0034_0184_0184.jpg 1 231 34 184 184
positives2\0021_0064_0081_0166_0166.jpg 1 64 81 166 166
positives2\0022_0236_0035_0056_0056.jpg 1 236 35 56 56
positives2\0023_0097_0053_0102_0102.jpg 1 97 53 102 102
positives2\0024_0118_0070_0180_0180.jpg 1 118 70 180 180
positives2\0025_0087_0078_0166_0166.jpg 1 87 78 166 166
positives2\0026_0093_0042_0169_0169.jpg 1 93 42 169 169
positives2\0027_0065_0033_0035_0035.jpg 1 65 33 35 35
positives2\0028_0120_0029_0171_0171.jpg 1 120 29 171 171
positives2\0029_0150_0087_0159_0159.jpg 1 150 87 159 159
positives2\0030_0130_0027_0120_0120.jpg 1 130 27 120 120
positives2\0031_0235_0036_0178_0178.jpg 1 235 36 178 178
positives2\0032_0138_0076_0144_0144.jpg 1 138 76 144 144
positives2\0033_0165_0011_0168_0168.jpg 1 165 11 168 168
positives2\0034_0263_0123_0115_0115.jpg 1 263 123 115 115
positives2\0035_0286_0130_0083_0083.jpg 1 286 130 83 83
positives2\0036_0142_0041_0170_0170.jpg 1 142 41 170 170
positives2\0037_0102_0043_0150_0150.jpg 1 102 43 150 150
positives2\0038_0185_0055_0166_0166.jpg 1 185 55 166 166
positives2\0039_0174_0067_0127_0127.jpg 1 174 67 127 127
positives2\0040_0059_0048_0042_0042.jpg 1 59 48 42 42
positives2\0041_0270_0046_0115_0115.jpg 1 270 46 115 115
positives2\0042_0064_0026_0137_0137.jpg 1 64 26 137 137
positives2\0043_0089_0030_0057_0057.jpg 1 89 30 57 57
positives2\0044_0166_0016_0142_0142.jpg 1 166 16 142 142
positives2\0045_0069_0088_0114_0114.jpg 1 69 88 114 114
positives2\0046_0065_0124_0097_0097.jpg 1 65 124 97 97
positives2\0047_0126_0052_0183_0183.jpg 1 126 52 183 183
positives2\0048_0293_0085_0047_0047.jpg 1 293 85 47 47
positives2\0049_0307_0190_0024_0024.jpg 1 307 190 24 24
positives2\0050_0234_0101_0129_0129.jpg 1 234 101 129 129
positives2\0051_0062_0128_0027_0027.jpg 1 62 128 27 27
positives2\0052_0274_0028_0076_0076.jpg 1 274 28 76 76
positives2\0053_0057_0058_0071_0071.jpg 1 57 58 71 71
positives2\0054_0114_0074_0111_0111.jpg 1 114 74 111 111
positives2\0055_0254_0040_0143_0143.jpg 1 254 40 143 143
positives2\0056_0160_0048_0081_0081.jpg 1 160 48 81 81
positives2\0057_0198_0052_0136_0136.jpg 1 198 52 136 136
positives2\0058_0141_0135_0042_0042.jpg 1 141 135 42 42
positives2\0059_0156_0156_0051_0051.jpg 1 156 156 51 51
positives2\0060_0258_0045_0101_0101.jpg 1 258 45 101 101
positives2\0061_0227_0041_0175_0175.jpg 1 227 41 175 175
positives2\0062_0045_0154_0031_0031.jpg 1 45 154 31 31
positives2\0063_0244_0059_0055_0055.jpg 1 244 59 55 55
positives2\0064_0145_0082_0104_0104.jpg 1 145 82 104 104
positives2\0065_0137_0116_0116_0116.jpg 1 137 116 116 116
positives2\0066_0256_0026_0154_0154.jpg 1 256 26 154 154
positives2\0067_0150_0027_0127_0127.jpg 1 150 27 127 127
positives2\0068_0091_0095_0035_0035.jpg 1 91 95 35 35
positives2\0069_0131_0156_0027_0027.jpg 1 131 156 27 27
positives2\0070_0308_0094_0046_0046.jpg 1 308 94 46 46
positives2\0071_0171_0111_0115_0115.jpg 1 171 111 115 115
positives2\0072_0222_0065_0179_0179.jpg 1 222 65 179 179
positives2\0073_0103_0087_0108_0108.jpg 1 103 87 108 108
positives2\0074_0137_0022_0157_0157.jpg 1 137 22 157 157
positives2\0075_0185_0036_0160_0160.jpg 1 185 36 160 160
positives2\0076_0091_0044_0185_0185.jpg 1 91 44 185 185
positives2\0077_0056_0062_0162_0162.jpg 1 56 62 162 162
positives2\0078_0295_0032_0088_0088.jpg 1 295 32 88 88
positives2\0079_0039_0067_0177_0177.jpg 1 39 67 177 177
positives2\0080_0320_0042_0066_0066.jpg 1 320 42 66 66
positives2\0081_0083_0158_0068_0068.jpg 1 83 158 68 68
positives2\0082_0092_0063_0173_0173.jpg 1 92 63 173 173
positives2\0083_0082_0063_0066_0066.jpg 1 82 63 66 66
positives2\0084_0228_0075_0173_0173.jpg 1 228 75 173 173
positives2\0085_0279_0026_0105_0105.jpg 1 279 26 105 105
positives2\0086_0046_0070_0128_0128.jpg 1 46 70 128 128
positives2\0087_0304_0125_0065_0065.jpg 1 304 125 65 65
positives2\0088_0110_0110_0042_0042.jpg 1 110 110 42 42
positives2\0089_0252_0085_0111_0111.jpg 1 252 85 111 111
positives2\0090_0130_0061_0158_0158.jpg 1 130 61 158 158
positives2\0091_0168_0088_0103_0103.jpg 1 168 88 103 103
positives2\0092_0156_0033_0102_0102.jpg 1 156 33 102 102
positives2\0093_0195_0058_0156_0156.jpg 1 195 58 156 156
positives2\0094_0213_0055_0129_0129.jpg 1 213 55 129 129
positives2\0095_0267_0042_0140_0140.jpg 1 267 42 140 140
positives2\0096_0085_0037_0135_0135.jpg 1 85 37 135 135
positives2\0097_0196_0056_0165_0165.jpg 1 196 56 165 165
positives2\0098_0092_0041_0184_0184.jpg 1 92 41 184 184
positives2\0099_0131_0130_0079_0079.jpg 1 131 130 79 79
positives2\0100_0128_0084_0097_0097.jpg 1 128 84 97 97
positives2\0101_0129_0102_0125_0125.jpg 1 129 102 125 125
positives2\0102_0179_0156_0044_0044.jpg 1 179 156 44 44
positives2\0103_0134_0029_0052_0052.jpg 1 134 29 52 52
positives2\0104_0088_0048_0123_0123.jpg 1 88 48 123 123
positives2\0105_0122_0043_0188_0188.jpg 1 122 43 188 188
positives2\0106_0167_0102_0131_0131.jpg 1 167 102 131 131
positives2\0107_0104_0077_0151_0151.jpg 1 104 77 151 151
positives2\0108_0083_0163_0038_0038.jpg 1 83 163 38 38
positives2\0109_0203_0033_0156_0156.jpg 1 203 33 156 156
positives2\0110_0204_0145_0068_0068.jpg 1 204 145 68 68
positives2\0111_0350_0114_0029_0029.jpg 1 350 114 29 29
positives2\0112_0129_0112_0119_0119.jpg 1 129 112 119 119
positives2\0113_0311_0044_0086_0086.jpg 1 311 44 86 86
positives2\0114_0068_0036_0157_0157.jpg 1 68 36 157 157
positives2\0115_0231_0138_0084_0084.jpg 1 231 138 84 84
positives2\0116_0179_0039_0152_0152.jpg 1 179 39 152 152
positives2\0117_0085_0104_0036_0036.jpg 1 85 104 36 36
positives2\0118_0199_0098_0084_0084.jpg 1 199 98 84 84
positives2\0119_0078_0068_0144_0144.jpg 1 78 68 144 144
positives2\0120_0066_0058_0147_0147.jpg 1 66 58 147 147
positives2\0121_0112_0058_0122_0122.jpg 1 112 58 122 122
positives2\0122_0055_0073_0157_0157.jpg 1 55 73 157 157
positives2\0123_0228_0061_0146_0146.jpg 1 228 61 146 146
positives2\0124_0164_0034_0065_0065.jpg 1 164 34 65 65
positives2\0125_0163_0016_0113_0113.jpg 1 163 16 113 113
positives2\0126_0212_0172_0041_0041.jpg 1 212 172 41 41
positives2\0127_0180_0119_0080_0080.jpg 1 180 119 80 80
positives2\0128_0100_0101_0105_0105.jpg 1 100 101 105 105
positives2\0129_0302_0152_0074_0074.jpg 1 302 152 74 74
positives2\0130_0263_0025_0083_0083.jpg 1 263 25 83 83
positives2\0131_0118_0035_0173_0173.jpg 1 118 35 173 173
positives2\0132_0209_0074_0092_0092.jpg 1 209 74 92 92
positives2\0133_0297_0151_0076_0076.jpg 1 297 151 76 76
positives2\0134_0252_0061_0106_0106.jpg 1 252 61 106 106
positives2\0135_0346_0150_0037_0037.jpg 1 346 150 37 37
positives2\0136_0313_0133_0054_0054.jpg 1 313 133 54 54
positives2\0137_0315_0062_0054_0054.jpg 1 315 62 54 54
positives2\0138_0205_0073_0061_0061.jpg 1 205 73 61 61
positives2\0139_0289_0095_0100_0100.jpg 1 289 95 100 100
positives2\0140_0052_0161_0038_0038.jpg 1 52 161 38 38
positives2\0141_0169_0051_0099_0099.jpg 1 169 51 99 99
positives2\0142_0266_0017_0142_0142.jpg 1 266 17 142 142
positives2\0143_0303_0083_0053_0053.jpg 1 303 83 53 53
positives2\0144_0209_0045_0075_0075.jpg 1 209 45 75 75
positives2\0145_0155_0096_0105_0105.jpg 1 155 96 105 105
positives2\0146_0146_0018_0182_0182.jpg 1 146 18 182 182
positives2\0147_0180_0061_0177_0177.jpg 1 180 61 177 177
positives2\0148_0171_0032_0114_0114.jpg 1 171 32 114 114
positives2\0149_0237_0127_0084_0084.jpg 1 237 127 84 84
positives2\0150_0112_0069_0066_0066.jpg 1 112 69 66 66
positives2\0151_0329_0145_0062_0062.jpg 1 329 145 62 62
positives2\0152_0051_0021_0134_0134.jpg 1 51 21 134 134
positives2\0153_0247_0044_0094_0094.jpg 1 247 44 94 94
positives2\0154_0195_0027_0168_0168.jpg 1 195 27 168 168
positives2\0155_0267_0079_0135_0135.jpg 1 267 79 135 135
positives2\0156_0119_0056_0150_0150.jpg 1 119 56 150 150
positives2\0157_0079_0032_0144_0144.jpg 1 79 32 144 144
positives2\0158_0130_0012_0173_0173.jpg 1 130 12 173 173
positives2\0159_0288_0143_0089_0089.jpg 1 288 143 89 89
positives2\0160_0157_0072_0082_0082.jpg 1 157 72 82 82
positives2\0161_0091_0080_0035_0035.jpg 1 91 80 35 35
positives2\0162_0088_0113_0034_0034.jpg 1 88 113 34 34
positives2\0163_0234_0051_0149_0149.jpg 1 234 51 149 149
positives2\0164_0063_0022_0132_0132.jpg 1 63 22 132 132
positives2\0165_0061_0113_0115_0115.jpg 1 61 113 115 115
positives2\0166_0283_0047_0062_0062.jpg 1 283 47 62 62
positives2\0167_0179_0170_0037_0037.jpg 1 179 170 37 37
positives2\0168_0104_0091_0041_0041.jpg 1 104 91 41 41
positives2\0169_0252_0115_0029_0029.jpg 1 252 115 29 29
positives2\0170_0077_0013_0139_0139.jpg 1 77 13 139 139
positives2\0171_0152_0028_0131_0131.jpg 1 152 28 131 131
positives2\0172_0245_0098_0061_0061.jpg 1 245 98 61 61
positives2\0173_0039_0021_0149_0149.jpg 1 39 21 149 149
positives2\0174_0226_0136_0049_0049.jpg 1 226 136 49 49
positives2\0175_0084_0050_0183_0183.jpg 1 84 50 183 183
positives2\0176_0096_0046_0058_0058.jpg 1 96 46 58 58
positives2\0177_0313_0075_0058_0058.jpg 1 313 75 58 58
positives2\0178_0307_0128_0074_0074.jpg 1 307 128 74 74
positives2\0179_0091_0081_0120_0120.jpg 1 91 81 120 120
positives2\0180_0046_0177_0036_0036.jpg 1 46 177 36 36
positives2\0181_0283_0064_0078_0078.jpg 1 283 64 78 78
positives2\0182_0077_0036_0188_0188.jpg 1 77 36 188 188
positives2\0183_0154_0090_0029_0029.jpg 1 154 90 29 29
positives2\0184_0095_0029_0088_0088.jpg 1 95 29 88 88
positives2\0185_0094_0076_0124_0124.jpg 1 94 76 124 124
positives2\0186_0072_0044_0083_0083.jpg 1 72 44 83 83
positives2\0187_0155_0096_0125_0125.jpg 1 155 96 125 125
positives2\0188_0074_0066_0152_0152.jpg 1 74 66 152 152
positives2\0189_0107_0114_0068_0068.jpg 1 107 114 68 68
positives2\0190_0108_0169_0048_0048.jpg 1 108 169 48 48
positives2\0191_0201_0087_0151_0151.jpg 1 201 87 151 151
positives2\0192_0174_0047_0069_0069.jpg 1 174 47 69 69
positives2\0193_0109_0019_0178_0178.jpg 1 109 19 178 178
positives2\0194_0160_0035_0188_0188.jpg 1 160 35 188 188
positives2\0195_0075_0076_0045_0045.jpg 1 75 76 45 45
positives2\0196_0222_0067_0171_0171.jpg 1 222 67 171 171
positives2\0197_0083_0048_0079_0079.jpg 1 83 48 79 79
positives2\0198_0249_0121_0107_0107.jpg 1 249 121 107 107
positives2\0199_0261_0083_0107_0107.jpg 1 261 83 107 107
positives2\0200_0056_0032_0148_0148.jpg 1 56 32 148 148
positives2\0201_0279_0041_0121_0121.jpg 1 279 41 121 121
positives2\0202_0117_0096_0103_0103.jpg 1 117 96 103 103
positives2\0203_0078_0049_0188_0188.jpg 1 78 49 188 188
positives2\0204_0121_0039_0132_0132.jpg 1 121 39 132 132
positives2\0205_0100_0098_0097_0097.jpg 1 100 98 97 97
positives2\0206_0116_0018_0175_0175.jpg 1 116 18 175 175
positives2\0207_0216_0035_0147_0147.jpg 1 216 35 147 147
positives2\0208_0053_0076_0165_0165.jpg 1 53 76 165 165
positives2\0209_0132_0058_0186_0186.jpg 1 132 58 186 186
positives2\0210_0146_0099_0039_0039.jpg 1 146 99 39 39
positives2\0211_0217_0030_0034_0034.jpg 1 217 30 34 34
positives2\0212_0178_0083_0151_0151.jpg 1 178 83 151 151
positives2\0213_0154_0059_0028_0028.jpg 1 154 59 28 28
positives2\0214_0232_0023_0177_0177.jpg 1 232 23 177 177
positives2\0215_0241_0118_0098_0098.jpg 1 241 118 98 98
positives2\0216_0142_0097_0099_0099.jpg 1 142 97 99 99
positives2\0217_0260_0129_0104_0104.jpg 1 260 129 104 104
positives2\0218_0230_0029_0143_0143.jpg 1 230 29 143 143
positives2\0219_0276_0135_0065_0065.jpg 1 276 135 65 65
positives2\0220_0135_0125_0086_0086.jpg 1 135 125 86 86
positives2\0221_0282_0054_0063_0063.jpg 1 282 54 63 63
positives2\0222_0289_0020_0111_0111.jpg 1 289 20 111 111
positives2\0223_0054_0076_0033_0033.jpg 1 54 76 33 33
positives2\0224_0231_0083_0135_0135.jpg 1 231 83 135 135
positives2\0225_0040_0090_0118_0118.jpg 1 40 90 118 118
positives2\0226_0168_0048_0130_0130.jpg 1 168 48 130 130
positives2\0227_0276_0117_0090_0090.jpg 1 276 117 90 90
positives2\0228_0084_0156_0061_0061.jpg 1 84 156 61 61
positives2\0229_0142_0022_0179_0179.jpg 1 142 22 179 179
positives2\0230_0227_0069_0179_0179.jpg 1 227 69 179 179
positives2\0231_0131_0061_0164_0164.jpg 1 131 61 164 164
positives2\0232_0112_0101_0131_0131.jpg 1 112 101 131 131
positives2\0233_0057_0074_0113_0113.jpg 1 57 74 113 113
positives2\0234_0188_0020_0142_0142.jpg 1 188 20 142 142
positives2\0235_0119_0017_0155_0155.jpg 1 119 17 155 155
positives2\0236_0291_0120_0033_0033.jpg 1 291 120 33 33
positives2\0237_0094_0031_0080_0080.jpg 1 94 31 80 80
positives2\0238_0219_0070_0172_0172.jpg 1 219 70 172 172
positives2\0239_0084_0053_0188_0188.jpg 1 84 53 188 188
positives2\0240_0296_0136_0074_0074.jpg 1 296 136 74 74
positives2\0241_0266_0128_0106_0106.jpg 1 266 128 106 106
positives2\0242_0097_0110_0098_0098.jpg 1 97 110 98 98
positives2\0243_0104_0018_0162_0162.jpg 1 104 18 162 162
positives2\0244_0223_0063_0176_0176.jpg 1 223 63 176 176
positives2\0245_0259_0045_0120_0120.jpg 1 259 45 120 120
positives2\0246_0220_0118_0084_0084.jpg 1 220 118 84 84
positives2\0247_0114_0039_0186_0186.jpg 1 114 39 186 186
positives2\0248_0153_0083_0074_0074.jpg 1 153 83 74 74
positives2\0249_0208_0069_0064_0064.jpg 1 208 69 64 64
positives2\0250_0080_0044_0112_0112.jpg 1 80 44 112 112
positives2\0251_0104_0058_0155_0155.jpg 1 104 58 155 155
positives2\0252_0257_0063_0133_0133.jpg 1 257 63 133 133
positives2\0253_0073_0033_0087_0087.jpg 1 73 33 87 87
positives2\0254_0076_0043_0125_0125.jpg 1 76 43 125 125
positives2\0255_0315_0025_0066_0066.jpg 1 315 25 66 66
positives2\0256_0214_0094_0058_0058.jpg 1 214 94 58 58
positives2\0257_0199_0097_0123_0123.jpg 1 199 97 123 123
positives2\0258_0049_0027_0095_0095.jpg 1 49 27 95 95
positives2\0259_0130_0118_0033_0033.jpg 1 130 118 33 33
positives2\0260_0341_0163_0049_0049.jpg 1 341 163 49 49
positives2\0261_0251_0090_0074_0074.jpg 1 251 90 74 74
positives2\0262_0058_0055_0078_0078.jpg 1 58 55 78 78
positives2\0263_0234_0034_0159_0159.jpg 1 234 34 159 159
positives2\0264_0125_0080_0136_0136.jpg 1 125 80 136 136
positives2\0265_0192_0087_0136_0136.jpg 1 192 87 136 136
positives2\0266_0045_0143_0086_0086.jpg 1 45 143 86 86
positives2\0267_0343_0034_0041_0041.jpg 1 343 34 41 41
positives2\0268_0161_0106_0124_0124.jpg 1 161 106 124 124
positives2\0269_0078_0050_0145_0145.jpg 1 78 50 145 145
positives2\0270_0150_0023_0147_0147.jpg 1 150 23 147 147
positives2\0271_0200_0058_0125_0125.jpg 1 200 58 125 125
positives2\0272_0203_0153_0027_0027.jpg 1 203 153 27 27
positives2\0273_0060_0042_0164_0164.jpg 1 60 42 164 164
positives2\0274_0087_0155_0024_0024.jpg 1 87 155 24 24
positives2\0275_0097_0080_0104_0104.jpg 1 97 80 104 104
positives2\0276_0153_0032_0077_0077.jpg 1 153 32 77 77
positives2\0277_0124_0022_0152_0152.jpg 1 124 22 152 152
positives2\0278_0129_0146_0068_0068.jpg 1 129 146 68 68
positives2\0279_0151_0029_0062_0062.jpg 1 151 29 62 62
positives2\0280_0271_0041_0118_0118.jpg 1 271 41 118 118
positives2\0281_0190_0063_0181_0181.jpg 1 190 63 181 181
positives2\0282_0269_0099_0109_0109.jpg 1 269 99 109 109
positives2\0283_0201_0049_0174_0174.jpg 1 201 49 174 174
positives2\0284_0091_0063_0045_0045.jpg 1 91 63 45 45
positives2\0285_0247_0077_0098_0098.jpg 1 247 77 98 98
positives2\0286_0191_0038_0185_0185.jpg 1 191 38 185 185
positives2\0287_0044_0022_0157_0157.jpg 1 44 22 157 157
positives2\0288_0277_0116_0071_0071.jpg 1 277 116 71 71
positives2\0289_0131_0122_0073_0073.jpg 1 131 122 73 73
positives2\0290_0141_0031_0162_0162.jpg 1 141 31 162 162
positives2\0291_0176_0031_0152_0152.jpg 1 176 31 152 152
positives2\0292_0245_0087_0159_0159.jpg 1 245 87 159 159
positives2\0293_0207_0110_0058_0058.jpg 1 207 110 58 58
positives2\0294_0092_0064_0164_0164.jpg 1 92 64 164 164
positives2\0295_0175_0019_0166_0166.jpg 1 175 19 166 166
positives2\0296_0129_0123_0024_0024.jpg 1 129 123 24 24
positives2\0297_0183_0038_0111_0111.jpg 1 183 38 111 111
positives2\0298_0207_0068_0184_0184.jpg 1 207 68 184 184
positives2\0299_0244_0058_0169_0169.jpg 1 244 58 169 169
positives2\0300_0143_0058_0160_0160.jpg 1 143 58 160 160
positives2\0301_0067_0020_0162_0162.jpg 1 67 20 162 162
positives2\0302_0160_0036_0186_0186.jpg 1 160 36 186 186
positives2\0303_0057_0061_0185_0185.jpg 1 57 61 185 185
positives2\0304_0265_0053_0130_0130.jpg 1 265 53 130 130
positives2\0305_0312_0094_0051_0051.jpg 1 312 94 51 51
positives2\0306_0181_0073_0170_0170.jpg 1 181 73 170 170
positives2\0307_0047_0013_0160_0160.jpg 1 47 13 160 160
positives2\0308_0129_0061_0163_0163.jpg 1 129 61 163 163
positives2\0309_0220_0062_0178_0178.jpg 1 220 62 178 178
positives2\0310_0160_0078_0081_0081.jpg 1 160 78 81 81
positives2\0311_0302_0091_0041_0041.jpg 1 302 91 41 41
positives2\0312_0333_0087_0029_0029.jpg 1 333 87 29 29
positives2\0313_0340_0174_0039_0039.jpg 1 340 174 39 39
positives2\0314_0262_0063_0096_0096.jpg 1 262 63 96 96
positives2\0315_0113_0062_0147_0147.jpg 1 113 62 147 147
positives2\0316_0107_0065_0160_0160.jpg 1 107 65 160 160
positives2\0317_0224_0019_0176_0176.jpg 1 224 19 176 176
positives2\0318_0106_0073_0175_0175.jpg 1 106 73 175 175
positives2\0319_0261_0133_0028_0028.jpg 1 261 133 28 28
positives2\0320_0065_0092_0154_0154.jpg 1 65 92 154 154
positives2\0321_0296_0175_0040_0040.jpg 1 296 175 40 40
positives2\0322_0091_0127_0047_0047.jpg 1 91 127 47 47
positives2\0323_0089_0063_0166_0166.jpg 1 89 63 166 166
positives2\0324_0195_0081_0160_0160.jpg 1 195 81 160 160
positives2\0325_0118_0035_0147_0147.jpg 1 118 35 147 147
positives2\0326_0086_0062_0105_0105.jpg 1 86 62 105 105
positives2\0327_0202_0057_0151_0151.jpg 1 202 57 151 151
positives2\0328_0226_0033_0144_0144.jpg 1 226 33 144 144
positives2\0329_0038_0028_0135_0135.jpg 1 38 28 135 135
positives2\0330_0213_0110_0100_0100.jpg 1 213 110 100 100
positives2\0331_0095_0052_0086_0086.jpg 1 95 52 86 86
positives2\0332_0056_0041_0082_0082.jpg 1 56 41 82 82
positives2\0333_0085_0135_0065_0065.jpg 1 85 135 65 65
positives2\0334_0090_0016_0179_0179.jpg 1 90 16 179 179
positives2\0335_0116_0189_0026_0026.jpg 1 116 189 26 26
positives2\0336_0148_0025_0186_0186.jpg 1 148 25 186 186
positives2\0337_0099_0030_0141_0141.jpg 1 99 30 141 141
positives2\0338_0210_0058_0093_0093.jpg 1 210 58 93 93
positives2\0339_0136_0075_0055_0055.jpg 1 136 75 55 55
positives2\0340_0183_0131_0065_0065.jpg 1 183 131 65 65
positives2\0341_0103_0122_0074_0074.jpg 1 103 122 74 74
positives2\0342_0276_0043_0117_0117.jpg 1 276 43 117 117
positives2\0343_0057_0067_0061_0061.jpg 1 57 67 61 61
positives2\0344_0233_0029_0178_0178.jpg 1 233 29 178 178
positives2\0345_0110_0048_0139_0139.jpg 1 110 48 139 139
positives2\0346_0334_0129_0055_0055.jpg 1 334 129 55 55
positives2\0347_0095_0026_0107_0107.jpg 1 95 26 107 107
positives2\0348_0108_0046_0180_0180.jpg 1 108 46 180 180
positives2\0349_0090_0092_0154_0154.jpg 1 90 92 154 154
positives2\0350_0143_0062_0170_0170.jpg 1 143 62 170 170
positives2\0351_0143_0099_0123_0123.jpg 1 143 99 123 123
positives2\0352_0093_0094_0137_0137.jpg 1 93 94 137 137
positives2\0353_0094_0084_0035_0035.jpg 1 94 84 35 35
positives2\0354_0155_0114_0038_0038.jpg 1 155 114 38 38
positives2\0355_0123_0045_0187_0187.jpg 1 123 45 187 187
positives2\0356_0188_0033_0074_0074.jpg 1 188 33 74 74
positives2\0357_0069_0027_0119_0119.jpg 1 69 27 119 119
positives2\0358_0143_0062_0178_0178.jpg 1 143 62 178 178
positives2\0359_0063_0026_0129_0129.jpg 1 63 26 129 129
positives2\0360_0200_0054_0060_0060.jpg 1 200 54 60 60
positives2\0361_0176_0040_0133_0133.jpg 1 176 40 133 133
positives2\0362_0207_0064_0124_0124.jpg 1 207 64 124 124
positives2\0363_0092_0094_0114_0114.jpg 1 92 94 114 114
positives2\0364_0148_0061_0177_0177.jpg 1 148 61 177 177
positives2\0365_0109_0067_0046_0046.jpg 1 109 67 46 46
positives2\0366_0272_0148_0056_0056.jpg 1 272 148 56 56
positives2\0367_0169_0075_0060_0060.jpg 1 169 75 60 60
positives2\0368_0114_0166_0040_0040.jpg 1 114 166 40 40
positives2\0369_0263_0085_0125_0125.jpg 1 263 85 125 125
positives2\0370_0218_0068_0092_0092.jpg 1 218 68 92 92
positives2\0371_0293_0116_0053_0053.jpg 1 293 116 53 53
positives2\0372_0140_0011_0165_0165.jpg 1 140 11 165 165
positives2\0373_0104_0123_0100_0100.jpg 1 104 123 100 100
positives2\0374_0190_0061_0131_0131.jpg 1 190 61 131 131
positives2\0375_0207_0074_0118_0118.jpg 1 207 74 118 118
positives2\0376_0217_0175_0029_0029.jpg 1 217 175 29 29
positives2\0377_0131_0030_0106_0106.jpg 1 131 30 106 106
positives2\0378_0122_0029_0085_0085.jpg 1 122 29 85 85
positives2\0379_0101_0140_0064_0064.jpg 1 101 140 64 64
positives2\0380_0205_0065_0028_0028.jpg 1 205 65 28 28
positives2\0381_0225_0038_0098_0098.jpg 1 225 38 98 98
positives2\0382_0169_0045_0095_0095.jpg 1 169 45 95 95
positives2\0383_0121_0041_0071_0071.jpg 1 121 41 71 71
positives2\0384_0217_0066_0170_0170.jpg 1 217 66 170 170
positives2\0385_0146_0066_0123_0123.jpg 1 146 66 123 123
positives2\0386_0196_0024_0141_0141.jpg 1 196 24 141 141
positives2\0387_0161_0074_0154_0154.jpg 1 161 74 154 154
positives2\0388_0174_0035_0134_0134.jpg 1 174 35 134 134
positives2\0389_0097_0044_0030_0030.jpg 1 97 44 30 30
positives2\0390_0150_0071_0139_0139.jpg 1 150 71 139 139
positives2\0391_0180_0119_0108_0108.jpg 1 180 119 108 108
positives2\0392_0163_0073_0125_0125.jpg 1 163 73 125 125
positives2\0393_0071_0059_0096_0096.jpg 1 71 59 96 96
positives2\0394_0058_0081_0142_0142.jpg 1 58 81 142 142
positives2\0395_0109_0082_0159_0159.jpg 1 109 82 159 159
positives2\0396_0184_0056_0103_0103.jpg 1 184 56 103 103
positives2\0397_0146_0060_0183_0183.jpg 1 146 60 183 183
positives2\0398_0137_0048_0134_0134.jpg 1 137 48 134 134
positives2\0399_0245_0080_0120_0120.jpg 1 245 80 120 120
positives2\0400_0156_0036_0187_0187.jpg 1 156 36 187 187
positives2\0401_0186_0020_0137_0137.jpg 1 186 20 137 137
positives2\0402_0034_0064_0143_0143.jpg 1 34 64 143 143
positives2\0403_0132_0140_0086_0086.jpg 1 132 140 86 86
positives2\0404_0212_0174_0038_0038.jpg 1 212 174 38 38
positives2\0405_0251_0091_0095_0095.jpg 1 251 91 95 95
positives2\0406_0168_0058_0144_0144.jpg 1 168 58 144 144
positives2\0407_0043_0047_0053_0053.jpg 1 43 47 53 53
positives2\0408_0271_0137_0025_0025.jpg 1 271 137 25 25
positives2\0409_0235_0008_0184_0184.jpg 1 235 8 184 184
positives2\0410_0177_0163_0058_0058.jpg 1 177 163 58 58
positives2\0411_0183_0078_0072_0072.jpg 1 183 78 72 72
positives2\0412_0234_0053_0056_0056.jpg 1 234 53 56 56
positives2\0413_0087_0143_0082_0082.jpg 1 87 143 82 82
positives2\0414_0120_0023_0178_0178.jpg 1 120 23 178 178
positives2\0415_0071_0011_0188_0188.jpg 1 71 11 188 188
positives2\0416_0171_0030_0061_0061.jpg 1 171 30 61 61
positives2\0417_0153_0049_0083_0083.jpg 1 153 49 83 83
positives2\0418_0284_0056_0084_0084.jpg 1 284 56 84 84
positives2\0419_0048_0069_0134_0134.jpg 1 48 69 134 134
positives2\0420_0130_0078_0116_0116.jpg 1 130 78 116 116
positives2\0421_0182_0069_0179_0179.jpg 1 182 69 179 179
positives2\0422_0061_0045_0170_0170.jpg 1 61 45 170 170
positives2\0423_0121_0114_0121_0121.jpg 1 121 114 121 121
positives2\0424_0243_0062_0033_0033.jpg 1 243 62 33 33
positives2\0425_0063_0031_0154_0154.jpg 1 63 31 154 154
positives2\0426_0191_0070_0092_0092.jpg 1 191 70 92 92
positives2\0427_0037_0051_0170_0170.jpg 1 37 51 170 170
positives2\0428_0126_0042_0144_0144.jpg 1 126 42 144 144
positives2\0429_0311_0115_0079_0079.jpg 1 311 115 79 79
positives2\0430_0148_0054_0055_0055.jpg 1 148 54 55 55
positives2\0431_0152_0054_0049_0049.jpg 1 152 54 49 49
positives2\0432_0186_0026_0120_0120.jpg 1 186 26 120 120
positives2\0433_0087_0161_0045_0045.jpg 1 87 161 45 45
positives2\0434_0082_0050_0102_0102.jpg 1 82 50 102 102
positives2\0435_0261_0045_0110_0110.jpg 1 261 45 110 110
positives2\0436_0061_0064_0058_0058.jpg 1 61 64 58 58
positives2\0437_0117_0090_0150_0150.jpg 1 117 90 150 150
positives2\0438_0072_0103_0106_0106.jpg 1 72 103 106 106
positives2\0439_0238_0021_0169_0169.jpg 1 238 21 169 169
positives2\0440_0060_0056_0034_0034.jpg 1 60 56 34 34
positives2\0441_0235_0020_0146_0146.jpg 1 235 20 146 146
positives2\0442_0251_0086_0134_0134.jpg 1 251 86 134 134
positives2\0443_0048_0032_0099_0099.jpg 1 48 32 99 99
positives2\0444_0180_0126_0066_0066.jpg 1 180 126 66 66
positives2\0445_0203_0023_0145_0145.jpg 1 203 23 145 145
positives2\0446_0249_0044_0079_0079.jpg 1 249 44 79 79
positives2\0447_0191_0027_0098_0098.jpg 1 191 27 98 98
positives2\0448_0131_0057_0182_0182.jpg 1 131 57 182 182
positives2\0449_0133_0107_0129_0129.jpg 1 133 107 129 129
positives2\0450_0171_0061_0153_0153.jpg 1 171 61 153 153
positives2\0451_0247_0043_0156_0156.jpg 1 247 43 156 156
positives2\0452_0161_0038_0166_0166.jpg 1 161 38 166 166
positives2\0453_0084_0073_0104_0104.jpg 1 84 73 104 104
positives2\0454_0051_0081_0061_0061.jpg 1 51 81 61 61
positives2\0455_0219_0141_0035_0035.jpg 1 219 141 35 35
positives2\0456_0262_0112_0045_0045.jpg 1 262 112 45 45
positives2\0457_0092_0078_0167_0167.jpg 1 92 78 167 167
positives2\0458_0184_0080_0146_0146.jpg 1 184 80 146 146
positives2\0459_0211_0067_0125_0125.jpg 1 211 67 125 125
positives2\0460_0219_0060_0149_0149.jpg 1 219 60 149 149
positives2\0461_0221_0027_0051_0051.jpg 1 221 27 51 51
positives2\0462_0209_0024_0107_0107.jpg 1 209 24 107 107
positives2\0463_0235_0113_0114_0114.jpg 1 235 113 114 114
positives2\0464_0108_0063_0178_0178.jpg 1 108 63 178 178
positives2\0465_0152_0061_0176_0176.jpg 1 152 61 176 176
positives2\0466_0095_0186_0024_0024.jpg 1 95 186 24 24
positives2\0467_0216_0057_0162_0162.jpg 1 216 57 162 162
positives2\0468_0147_0069_0033_0033.jpg 1 147 69 33 33
positives2\0469_0316_0063_0079_0079.jpg 1 316 63 79 79
positives2\0470_0223_0053_0178_0178.jpg 1 223 53 178 178
positives2\0471_0069_0120_0084_0084.jpg 1 69 120 84 84
positives2\0472_0184_0052_0027_0027.jpg 1 184 52 27 27
positives2\0473_0139_0104_0057_0057.jpg 1 139 104 57 57
positives2\0474_0126_0074_0058_0058.jpg 1 126 74 58 58
positives2\0475_0178_0056_0137_0137.jpg 1 178 56 137 137
positives2\0476_0332_0178_0036_0036.jpg 1 332 178 36 36
positives2\0477_0152_0049_0095_0095.jpg 1 152 49 95 95
positives2\0478_0225_0020_0143_0143.jpg 1 225 20 143 143
positives2\0479_0251_0113_0071_0071.jpg 1 251 113 71 71
positives2\0480_0170_0166_0051_0051.jpg 1 170 166 51 51
positives2\0481_0203_0047_0076_0076.jpg 1 203 47 76 76
positives2\0482_0232_0058_0048_0048.jpg 1 232 58 48 48
positives2\0483_0190_0022_0132_0132.jpg 1 190 22 132 132
positives2\0484_0235_0028_0165_0165.jpg 1 235 28 165 165
positives2\0485_0296_0022_0082_0082.jpg 1 296 22 82 82
positives2\0486_0209_0046_0152_0152.jpg 1 209 46 152 152
positives2\0487_0279_0055_0089_0089.jpg 1 279 55 89 89
positives2\0488_0213_0014_0180_0180.jpg 1 213 14 180 180
positives2\0489_0144_0045_0171_0171.jpg 1 144 45 171 171
positives2\0490_0315_0050_0064_0064.jpg 1 315 50 64 64
positives2\0491_0241_0072_0078_0078.jpg 1 241 72 78 78
positives2\0492_0200_0016_0138_0138.jpg 1 200 16 138 138
positives2\0493_0209_0042_0087_0087.jpg 1 209 42 87 87
positives2\0494_0210_0066_0167_0167.jpg 1 210 66 167 167
positives2\0495_0235_0049_0119_0119.jpg 1 235 49 119 119
positives2\0496_0115_0104_0097_0097.jpg 1 115 104 97 97
positives2\0497_0218_0040_0188_0188.jpg 1 218 40 188 188
positives2\0498_0053_0069_0149_0149.jpg 1 53 69 149 149
positives2\0499_0260_0047_0031_0031.jpg 1 260 47 31 31
positives2\0500_0105_0052_0151_0151.jpg 1 105 52 151 151
positives2\0501_0325_0026_0048_0048.jpg 1 325 26 48 48
positives2\0502_0200_0034_0172_0172.jpg 1 200 34 172 172
positives2\0503_0043_0086_0064_0064.jpg 1 43 86 64 64
positives2\0504_0329_0084_0030_0030.jpg 1 329 84 30 30
positives2\0505_0050_0018_0185_0185.jpg 1 50 18 185 185
positives2\0506_0340_0031_0025_0025.jpg 1 340 31 25 25
positives2\0507_0283_0116_0078_0078.jpg 1 283 116 78 78
positives2\0508_0074_0080_0138_0138.jpg 1 74 80 138 138
positives2\0509_0049_0028_0123_0123.jpg 1 49 28 123 123
positives2\0510_0203_0061_0148_0148.jpg 1 203 61 148 148
positives2\0511_0150_0062_0074_0074.jpg 1 150 62 74 74
positives2\0512_0290_0062_0060_0060.jpg 1 290 62 60 60
positives2\0513_0189_0058_0079_0079.jpg 1 189 58 79 79
positives2\0514_0092_0114_0059_0059.jpg 1 92 114 59 59
positives2\0515_0163_0034_0069_0069.jpg 1 163 34 69 69
positives2\0516_0114_0124_0098_0098.jpg 1 114 124 98 98
positives2\0517_0177_0044_0158_0158.jpg 1 177 44 158 158
positives2\0518_0312_0137_0052_0052.jpg 1 312 137 52 52
positives2\0519_0214_0097_0118_0118.jpg 1 214 97 118 118
positives2\0520_0253_0063_0051_0051.jpg 1 253 63 51 51
positives2\0521_0257_0076_0123_0123.jpg 1 257 76 123 123
positives2\0522_0044_0085_0153_0153.jpg 1 44 85 153 153
positives2\0523_0257_0049_0148_0148.jpg 1 257 49 148 148
positives2\0524_0205_0046_0181_0181.jpg 1 205 46 181 181
positives2\0525_0115_0065_0172_0172.jpg 1 115 65 172 172
positives2\0526_0327_0070_0029_0029.jpg 1 327 70 29 29
positives2\0527_0260_0172_0048_0048.jpg 1 260 172 48 48
positives2\0528_0328_0133_0040_0040.jpg 1 328 133 40 40
positives2\0529_0143_0069_0053_0053.jpg 1 143 69 53 53
positives2\0530_0201_0101_0081_0081.jpg 1 201 101 81 81
positives2\0531_0199_0014_0172_0172.jpg 1 199 14 172 172
positives2\0532_0094_0135_0039_0039.jpg 1 94 135 39 39
positives2\0533_0224_0111_0043_0043.jpg 1 224 111 43 43
positives2\0534_0233_0039_0120_0120.jpg 1 233 39 120 120
positives2\0535_0081_0091_0085_0085.jpg 1 81 91 85 85
positives2\0536_0130_0074_0152_0152.jpg 1 130 74 152 152
positives2\0537_0224_0119_0094_0094.jpg 1 224 119 94 94
positives2\0538_0216_0060_0163_0163.jpg 1 216 60 163 163
positives2\0539_0074_0121_0025_0025.jpg 1 74 121 25 25
positives2\0540_0306_0118_0082_0082.jpg 1 306 118 82 82
positives2\0541_0177_0072_0176_0176.jpg 1 177 72 176 176
positives2\0542_0164_0032_0052_0052.jpg 1 164 32 52 52
positives2\0543_0338_0070_0050_0050.jpg 1 338 70 50 50
positives2\0544_0156_0063_0155_0155.jpg 1 156 63 155 155
positives2\0545_0158_0103_0140_0140.jpg 1 158 103 140 140
positives2\0546_0083_0109_0104_0104.jpg 1 83 109 104 104
positives2\0547_0091_0086_0076_0076.jpg 1 91 86 76 76
positives2\0548_0243_0044_0169_0169.jpg 1 243 44 169 169
positives2\0549_0052_0094_0141_0141.jpg 1 52 94 141 141
positives2\0550_0315_0117_0035_0035.jpg 1 315 117 35 35
positives2\0551_0287_0086_0118_0118.jpg 1 287 86 118 118
positives2\0552_0119_0080_0039_0039.jpg 1 119 80 39 39
positives2\0553_0288_0019_0094_0094.jpg 1 288 19 94 94
positives2\0554_0167_0117_0080_0080.jpg 1 167 117 80 80
positives2\0555_0048_0110_0037_0037.jpg 1 48 110 37 37
positives2\0556_0126_0029_0164_0164.jpg 1 126 29 164 164
positives2\0557_0187_0062_0156_0156.jpg 1 187 62 156 156
positives2\0558_0159_0055_0177_0177.jpg 1 159 55 177 177
positives2\0559_0042_0027_0144_0144.jpg 1 42 27 144 144
positives2\0560_0139_0063_0137_0137.jpg 1 139 63 137 137
positives2\0561_0294_0058_0071_0071.jpg 1 294 58 71 71
positives2\0562_0268_0052_0082_0082.jpg 1 268 52 82 82
positives2\0563_0063_0099_0129_0129.jpg 1 63 99 129 129
positives2\0564_0121_0027_0117_0117.jpg 1 121 27 117 117
positives2\0565_0147_0024_0149_0149.jpg 1 147 24 149 149
positives2\0566_0274_0161_0040_0040.jpg 1 274 161 40 40
positives2\0567_0049_0124_0085_0085.jpg 1 49 124 85 85
positives2\0568_0064_0027_0025_0025.jpg 1 64 27 25 25
positives2\0569_0292_0116_0098_0098.jpg 1 292 116 98 98
positives2\0570_0071_0131_0024_0024.jpg 1 71 131 24 24
positives2\0571_0160_0118_0052_0052.jpg 1 160 118 52 52
positives2\0572_0121_0102_0083_0083.jpg 1 121 102 83 83
positives2\0573_0086_0101_0045_0045.jpg 1 86 101 45 45
positives2\0574_0231_0056_0157_0157.jpg 1 231 56 157 157
positives2\0575_0328_0034_0067_0067.jpg 1 328 34 67 67
positives2\0576_0260_0127_0031_0031.jpg 1 260 127 31 31
positives2\0577_0292_0054_0111_0111.jpg 1 292 54 111 111
positives2\0578_0250_0045_0150_0150.jpg 1 250 45 150 150
positives2\0579_0217_0074_0149_0149.jpg 1 217 74 149 149
positives2\0580_0172_0075_0045_0045.jpg 1 172 75 45 45
positives2\0581_0048_0130_0061_0061.jpg 1 48 130 61 61
positives2\0582_0097_0042_0166_0166.jpg 1 97 42 166 166
positives2\0583_0351_0151_0024_0024.jpg 1 351 151 24 24
positives2\0584_0100_0133_0037_0037.jpg 1 100 133 37 37
positives2\0585_0292_0141_0084_0084.jpg 1 292 141 84 84
positives2\0586_0353_0148_0036_0036.jpg 1 353 148 36 36
positives2\0587_0078_0058_0137_0137.jpg 1 78 58 137 137
positives2\0588_0136_0039_0085_0085.jpg 1 136 39 85 85
positives2\0589_0155_0130_0044_0044.jpg 1 155 130 44 44
positives2\0590_0159_0035_0090_0090.jpg 1 159 35 90 90
positives2\0591_0094_0172_0054_0054.jpg 1 94 172 54 54
positives2\0592_0322_0152_0058_0058.jpg 1 322 152 58 58
positives2\0593_0275_0126_0085_0085.jpg 1 275 126 85 85
positives2\0594_0111_0113_0026_0026.jpg 1 111 113 26 26
positives2\0595_0057_0103_0103_0103.jpg 1 57 103 103 103
positives2\0596_0318_0086_0072_0072.jpg 1 318 86 72 72
positives2\0597_0332_0034_0037_0037.jpg 1 332 34 37 37
positives2\0598_0057_0075_0175_0175.jpg 1 57 75 175 175
positives2\0599_0208_0053_0174_0174.jpg 1 208 53 174 174
positives2\0600_0352_0047_0030_0030.jpg 1 352 47 30 30
positives2\0601_0315_0026_0081_0081.jpg 1 315 26 81 81
positives2\0602_0299_0139_0078_0078.jpg 1 299 139 78 78
positives2\0603_0164_0065_0147_0147.jpg 1 164 65 147 147
positives2\0604_0204_0099_0115_0115.jpg 1 204 99 115 115
positives2\0605_0138_0038_0155_0155.jpg 1 138 38 155 155
positives2\0606_0159_0112_0030_0030.jpg 1 159 112 30 30
positives2\0607_0210_0041_0146_0146.jpg 1 210 41 146 146
positives2\0608_0061_0169_0049_0049.jpg 1 61 169 49 49
positives2\0609_0282_0062_0106_0106.jpg 1 282 62 106 106
positives2\0610_0031_0079_0170_0170.jpg 1 31 79 170 170
positives2\0611_0111_0035_0049_0049.jpg 1 111 35 49 49
positives2\0612_0270_0093_0140_0140.jpg 1 270 93 140 140
positives2\0613_0193_0026_0079_0079.jpg 1 193 26 79 79
positives2\0614_0252_0064_0129_0129.jpg 1 252 64 129 129
positives2\0615_0234_0030_0115_0115.jpg 1 234 30 115 115
positives2\0616_0138_0037_0168_0168.jpg 1 138 37 168 168
positives2\0617_0198_0062_0188_0188.jpg 1 198 62 188 188
positives2\0618_0065_0040_0132_0132.jpg 1 65 40 132 132
positives2\0619_0069_0024_0159_0159.jpg 1 69 24 159 159
positives2\0620_0143_0096_0044_0044.jpg 1 143 96 44 44
positives2\0621_0169_0046_0157_0157.jpg 1 169 46 157 157
positives2\0622_0180_0102_0109_0109.jpg 1 180 102 109 109
positives2\0623_0358_0045_0031_0031.jpg 1 358 45 31 31
positives2\0624_0289_0142_0065_0065.jpg 1 289 142 65 65
positives2\0625_0133_0031_0164_0164.jpg 1 133 31 164 164
positives2\0626_0153_0026_0133_0133.jpg 1 153 26 133 133
positives2\0627_0118_0126_0112_0112.jpg 1 118 126 112 112
positives2\0628_0085_0015_0167_0167.jpg 1 85 15 167 167
positives2\0629_0053_0133_0093_0093.jpg 1 53 133 93 93
positives2\0630_0139_0107_0072_0072.jpg 1 139 107 72 72
positives2\0631_0071_0012_0155_0155.jpg 1 71 12 155 155
positives2\0632_0092_0102_0027_0027.jpg 1 92 102 27 27
positives2\0633_0206_0055_0139_0139.jpg 1 206 55 139 139
positives2\0634_0276_0091_0059_0059.jpg 1 276 91 59 59
positives2\0635_0314_0074_0034_0034.jpg 1 314 74 34 34
positives2\0636_0211_0063_0118_0118.jpg 1 211 63 118 118
positives2\0637_0280_0094_0073_0073.jpg 1 280 94 73 73
positives2\0638_0200_0098_0082_0082.jpg 1 200 98 82 82
positives2\0639_0093_0102_0091_0091.jpg 1 93 102 91 91
positives2\0640_0088_0065_0178_0178.jpg 1 88 65 178 178
positives2\0641_0067_0011_0179_0179.jpg 1 67 11 179 179
positives2\0642_0060_0026_0110_0110.jpg 1 60 26 110 110
positives2\0643_0121_0039_0177_0177.jpg 1 121 39 177 177
positives2\0644_0243_0034_0140_0140.jpg 1 243 34 140 140
positives2\0645_0194_0013_0175_0175.jpg 1 194 13 175 175
positives2\0646_0198_0021_0173_0173.jpg 1 198 21 173 173
positives2\0647_0078_0061_0154_0154.jpg 1 78 61 154 154
positives2\0648_0134_0074_0139_0139.jpg 1 134 74 139 139
positives2\0649_0098_0124_0111_0111.jpg 1 98 124 111 111
positives2\0650_0117_0088_0078_0078.jpg 1 117 88 78 78
positives2\0651_0285_0106_0119_0119.jpg 1 285 106 119 119
positives2\0652_0256_0085_0083_0083.jpg 1 256 85 83 83
positives2\0653_0139_0046_0139_0139.jpg 1 139 46 139 139
positives2\0654_0291_0096_0083_0083.jpg 1 291 96 83 83
positives2\0655_0124_0012_0165_0165.jpg 1 124 12 165 165
positives2\0656_0152_0119_0065_0065.jpg 1 152 119 65 65
positives2\0657_0196_0014_0127_0127.jpg 1 196 14 127 127
positives2\0658_0349_0128_0041_0041.jpg 1 349 128 41 41
positives2\0659_0270_0039_0139_0139.jpg 1 270 39 139 139
positives2\0660_0054_0047_0091_0091.jpg 1 54 47 91 91
positives2\0661_0250_0055_0072_0072.jpg 1 250 55 72 72
positives2\0662_0110_0149_0044_0044.jpg 1 110 149 44 44
positives2\0663_0118_0106_0046_0046.jpg 1 118 106 46 46
positives2\0664_0186_0062_0044_0044.jpg 1 186 62 44 44
positives2\0665_0195_0017_0129_0129.jpg 1 195 17 129 129
positives2\0666_0117_0099_0073_0073.jpg 1 117 99 73 73
positives2\0667_0132_0092_0031_0031.jpg 1 132 92 31 31
positives2\0668_0245_0135_0094_0094.jpg 1 245 135 94 94
positives2\0669_0342_0101_0043_0043.jpg 1 342 101 43 43
positives2\0670_0151_0089_0091_0091.jpg 1 151 89 91 91
positives2\0671_0238_0109_0064_0064.jpg 1 238 109 64 64
positives2\0672_0033_0046_0184_0184.jpg 1 33 46 184 184
positives2\0673_0302_0055_0075_0075.jpg 1 302 55 75 75
positives2\0674_0211_0062_0061_0061.jpg 1 211 62 61 61
positives2\0675_0152_0134_0091_0091.jpg 1 152 134 91 91
positives2\0676_0138_0016_0181_0181.jpg 1 138 16 181 181
positives2\0677_0083_0026_0026_0026.jpg 1 83 26 26 26
positives2\0678_0161_0141_0066_0066.jpg 1 161 141 66 66
positives2\0679_0237_0140_0047_0047.jpg 1 237 140 47 47
positives2\0680_0180_0081_0119_0119.jpg 1 180 81 119 119
positives2\0681_0103_0133_0082_0082.jpg 1 103 133 82 82
positives2\0682_0138_0068_0166_0166.jpg 1 138 68 166 166
positives2\0683_0146_0055_0155_0155.jpg 1 146 55 155 155
positives2\0684_0116_0144_0048_0048.jpg 1 116 144 48 48
positives2\0685_0200_0094_0140_0140.jpg 1 200 94 140 140
positives2\0686_0049_0114_0121_0121.jpg 1 49 114 121 121
positives2\0687_0092_0123_0086_0086.jpg 1 92 123 86 86
positives2\0688_0321_0119_0078_0078.jpg 1 321 119 78 78
positives2\0689_0151_0097_0136_0136.jpg 1 151 97 136 136
positives2\0690_0249_0126_0090_0090.jpg 1 249 126 90 90
positives2\0691_0230_0104_0125_0125.jpg 1 230 104 125 125
positives2\0692_0260_0022_0080_0080.jpg 1 260 22 80 80
positives2\0693_0144_0109_0081_0081.jpg 1 144 109 81 81
positives2\0694_0101_0025_0154_0154.jpg 1 101 25 154 154
positives2\0695_0136_0038_0063_0063.jpg 1 136 38 63 63
positives2\0696_0254_0038_0152_0152.jpg 1 254 38 152 152
positives2\0697_0135_0039_0097_0097.jpg 1 135 39 97 97
positives2\0698_0243_0021_0155_0155.jpg 1 243 21 155 155
positives2\0699_0154_0059_0172_0172.jpg 1 154 59 172 172
positives2\0700_0242_0123_0080_0080.jpg 1 242 123 80 80
positives2\0701_0053_0053_0170_0170.jpg 1 53 53 170 170
positives2\0702_0057_0154_0026_0026.jpg 1 57 154 26 26
positives2\0703_0102_0015_0138_0138.jpg 1 102 15 138 138
positives2\0704_0248_0052_0030_0030.jpg 1 248 52 30 30
positives2\0705_0177_0054_0118_0118.jpg 1 177 54 118 118
positives2\0706_0196_0081_0024_0024.jpg 1 196 81 24 24
positives2\0707_0199_0119_0027_0027.jpg 1 199 119 27 27
positives2\0708_0196_0018_0175_0175.jpg 1 196 18 175 175
positives2\0709_0069_0080_0082_0082.jpg 1 69 80 82 82
positives2\0710_0124_0113_0099_0099.jpg 1 124 113 99 99
positives2\0711_0101_0065_0186_0186.jpg 1 101 65 186 186
positives2\0712_0055_0100_0133_0133.jpg 1 55 100 133 133
positives2\0713_0239_0073_0144_0144.jpg 1 239 73 144 144
positives2\0714_0212_0020_0111_0111.jpg 1 212 20 111 111
positives2\0715_0241_0035_0111_0111.jpg 1 241 35 111 111
positives2\0716_0351_0116_0025_0025.jpg 1 351 116 25 25
positives2\0717_0239_0048_0160_0160.jpg 1 239 48 160 160
positives2\0718_0102_0161_0031_0031.jpg 1 102 161 31 31
positives2\0719_0266_0120_0090_0090.jpg 1 266 120 90 90
positives2\0720_0159_0048_0160_0160.jpg 1 159 48 160 160
positives2\0721_0185_0129_0072_0072.jpg 1 185 129 72 72
positives2\0722_0037_0056_0148_0148.jpg 1 37 56 148 148
positives2\0723_0203_0101_0031_0031.jpg 1 203 101 31 31
positives2\0724_0203_0109_0082_0082.jpg 1 203 109 82 82
positives2\0725_0067_0025_0175_0175.jpg 1 67 25 175 175
positives2\0726_0080_0075_0117_0117.jpg 1 80 75 117 117
positives2\0727_0263_0020_0113_0113.jpg 1 263 20 113 113
positives2\0728_0126_0040_0180_0180.jpg 1 126 40 180 180
positives2\0729_0149_0059_0084_0084.jpg 1 149 59 84 84
positives2\0730_0242_0048_0105_0105.jpg 1 242 48 105 105
positives2\0731_0130_0056_0166_0166.jpg 1 130 56 166 166
positives2\0732_0273_0112_0114_0114.jpg 1 273 112 114 114
positives2\0733_0225_0073_0168_0168.jpg 1 225 73 168 168
positives2\0734_0144_0099_0104_0104.jpg 1 144 99 104 104
positives2\0735_0169_0153_0032_0032.jpg 1 169 153 32 32
positives2\0736_0074_0032_0187_0187.jpg 1 74 32 187 187
positives2\0737_0058_0068_0156_0156.jpg 1 58 68 156 156
positives2\0738_0057_0087_0055_0055.jpg 1 57 87 55 55
positives2\0739_0323_0082_0038_0038.jpg 1 323 82 38 38
positives2\0740_0117_0107_0119_0119.jpg 1 117 107 119 119
positives2\0741_0225_0172_0045_0045.jpg 1 225 172 45 45
positives2\0742_0209_0183_0030_0030.jpg 1 209 183 30 30
positives2\0743_0125_0114_0097_0097.jpg 1 125 114 97 97
positives2\0744_0069_0049_0178_0178.jpg 1 69 49 178 178
positives2\0745_0209_0029_0062_0062.jpg 1 209 29 62 62
positives2\0746_0143_0105_0058_0058.jpg 1 143 105 58 58
positives2\0747_0209_0043_0180_0180.jpg 1 209 43 180 180
positives2\0748_0224_0110_0057_0057.jpg 1 224 110 57 57
positives2\0749_0119_0078_0157_0157.jpg 1 119 78 157 157
positives2\0750_0183_0065_0186_0186.jpg 1 183 65 186 186
positives2\0751_0226_0014_0146_0146.jpg 1 226 14 146 146
positives2\0752_0277_0178_0025_0025.jpg 1 277 178 25 25
positives2\0753_0272_0026_0065_0065.jpg 1 272 26 65 65
positives2\0754_0047_0070_0099_0099.jpg 1 47 70 99 99
positives2\0755_0177_0044_0174_0174.jpg 1 177 44 174 174
positives2\0756_0127_0100_0036_0036.jpg 1 127 100 36 36
positives2\0757_0246_0068_0145_0145.jpg 1 246 68 145 145
positives2\0758_0095_0064_0161_0161.jpg 1 95 64 161 161
positives2\0759_0207_0115_0119_0119.jpg 1 207 115 119 119
positives2\0760_0249_0142_0043_0043.jpg 1 249 142 43 43
positives2\0761_0144_0045_0046_0046.jpg 1 144 45 46 46
positives2\0762_0184_0009_0188_0188.jpg 1 184 9 188 188
positives2\0763_0134_0024_0121_0121.jpg 1 134 24 121 121
positives2\0764_0269_0100_0100_0100.jpg 1 269 100 100 100
positives2\0765_0226_0024_0102_0102.jpg 1 226 24 102 102
positives2\0766_0301_0084_0089_0089.jpg 1 301 84 89 89
positives2\0767_0182_0133_0047_0047.jpg 1 182 133 47 47
positives2\0768_0130_0023_0115_0115.jpg 1 130 23 115 115
positives2\0769_0206_0122_0074_0074.jpg 1 206 122 74 74
positives2\0770_0229_0104_0069_0069.jpg 1 229 104 69 69
positives2\0771_0303_0119_0039_0039.jpg 1 303 119 39 39
positives2\0772_0097_0121_0034_0034.jpg 1 97 121 34 34
positives2\0773_0237_0018_0183_0183.jpg 1 237 18 183 183
positives2\0774_0134_0019_0184_0184.jpg 1 134 19 184 184
positives2\0775_0218_0121_0078_0078.jpg 1 218 121 78 78
positives2\0776_0116_0165_0036_0036.jpg 1 116 165 36 36
positives2\0777_0250_0051_0113_0113.jpg 1 250 51 113 113
positives2\0778_0124_0044_0165_0165.jpg 1 124 44 165 165
positives2\0779_0035_0082_0148_0148.jpg 1 35 82 148 148
positives2\0780_0246_0038_0166_0166.jpg 1 246 38 166 166
positives2\0781_0255_0049_0141_0141.jpg 1 255 49 141 141
positives2\0782_0144_0124_0043_0043.jpg 1 144 124 43 43
positives2\0783_0232_0077_0060_0060.jpg 1 232 77 60 60
positives2\0784_0064_0060_0173_0173.jpg 1 64 60 173 173
positives2\0785_0334_0164_0040_0040.jpg 1 334 164 40 40
positives2\0786_0276_0176_0042_0042.jpg 1 276 176 42 42
positives2\0787_0239_0053_0164_0164.jpg 1 239 53 164 164
positives2\0788_0170_0072_0118_0118.jpg 1 170 72 118 118
positives2\0789_0305_0052_0055_0055.jpg 1 305 52 55 55
positives2\0790_0144_0028_0037_0037.jpg 1 144 28 37 37
positives2\0791_0098_0069_0114_0114.jpg 1 98 69 114 114
positives2\0792_0160_0051_0147_0147.jpg 1 160 51 147 147
positives2\0793_0236_0116_0094_0094.jpg 1 236 116 94 94
positives2\0794_0157_0161_0035_0035.jpg 1 157 161 35 35
positives2\0795_0089_0086_0147_0147.jpg 1 89 86 147 147
positives2\0796_0053_0023_0122_0122.jpg 1 53 23 122 122
positives2\0797_0137_0137_0048_0048.jpg 1 137 137 48 48
positives2\0798_0121_0069_0080_0080.jpg 1 121 69 80 80
positives2\0799_0039_0019_0133_0133.jpg 1 39 19 133 133
positives2\0800_0292_0125_0026_0026.jpg 1 292 125 26 26
positives2\0801_0115_0047_0174_0174.jpg 1 115 47 174 174
positives2\0802_0116_0033_0177_0177.jpg 1 116 33 177 177
positives2\0803_0213_0019_0174_0174.jpg 1 213 19 174 174
positives2\0804_0248_0050_0041_0041.jpg 1 248 50 41 41
positives2\0805_0071_0031_0170_0170.jpg 1 71 31 170 170
positives2\0806_0287_0086_0081_0081.jpg 1 287 86 81 81
positives2\0807_0174_0071_0026_0026.jpg 1 174 71 26 26
positives2\0808_0090_0103_0045_0045.jpg 1 90 103 45 45
positives2\0809_0109_0158_0032_0032.jpg 1 109 158 32 32
positives2\0810_0116_0034_0106_0106.jpg 1 116 34 106 106
positives2\0811_0106_0054_0118_0118.jpg 1 106 54 118 118
positives2\0812_0249_0056_0156_0156.jpg 1 249 56 156 156
positives2\0813_0149_0146_0076_0076.jpg 1 149 146 76 76
positives2\0814_0297_0070_0088_0088.jpg 1 297 70 88 88
positives2\0815_0133_0025_0139_0139.jpg 1 133 25 139 139
positives2\0816_0034_0021_0172_0172.jpg 1 34 21 172 172
positives2\0817_0132_0142_0082_0082.jpg 1 132 142 82 82
positives2\0818_0301_0084_0075_0075.jpg 1 301 84 75 75
positives2\0819_0136_0073_0091_0091.jpg 1 136 73 91 91
positives2\0820_0117_0108_0078_0078.jpg 1 117 108 78 78
positives2\0821_0074_0104_0071_0071.jpg 1 74 104 71 71
positives2\0822_0043_0057_0122_0122.jpg 1 43 57 122 122
positives2\0823_0221_0074_0170_0170.jpg 1 221 74 170 170
positives2\0824_0056_0036_0132_0132.jpg 1 56 36 132 132
positives2\0825_0265_0042_0130_0130.jpg 1 265 42 130 130
positives2\0826_0163_0151_0077_0077.jpg 1 163 151 77 77
positives2\0827_0109_0120_0105_0105.jpg 1 109 120 105 105
positives2\0828_0131_0056_0181_0181.jpg 1 131 56 181 181
positives2\0829_0037_0011_0161_0161.jpg 1 37 11 161 161
positives2\0830_0046_0131_0080_0080.jpg 1 46 131 80 80
positives2\0831_0146_0048_0103_0103.jpg 1 146 48 103 103
positives2\0832_0233_0051_0117_0117.jpg 1 233 51 117 117
positives2\0833_0160_0041_0032_0032.jpg 1 160 41 32 32
positives2\0834_0209_0158_0071_0071.jpg 1 209 158 71 71
positives2\0835_0187_0150_0054_0054.jpg 1 187 150 54 54
positives2\0836_0154_0033_0116_0116.jpg 1 154 33 116 116
positives2\0837_0055_0148_0082_0082.jpg 1 55 148 82 82
positives2\0838_0087_0061_0032_0032.jpg 1 87 61 32 32
positives2\0839_0198_0086_0140_0140.jpg 1 198 86 140 140
positives2\0840_0050_0126_0025_0025.jpg 1 50 126 25 25
positives2\0841_0249_0038_0081_0081.jpg 1 249 38 81 81
positives2\0842_0174_0064_0172_0172.jpg 1 174 64 172 172
positives2\0843_0136_0047_0063_0063.jpg 1 136 47 63 63
positives2\0844_0245_0031_0056_0056.jpg 1 245 31 56 56
positives2\0845_0174_0064_0132_0132.jpg 1 174 64 132 132
positives2\0846_0267_0021_0057_0057.jpg 1 267 21 57 57
positives2\0847_0173_0051_0130_0130.jpg 1 173 51 130 130
positives2\0848_0183_0136_0026_0026.jpg 1 183 136 26 26
positives2\0849_0060_0072_0067_0067.jpg 1 60 72 67 67
positives2\0850_0308_0179_0032_0032.jpg 1 308 179 32 32
positives2\0851_0252_0072_0146_0146.jpg 1 252 72 146 146
positives2\0852_0054_0109_0074_0074.jpg 1 54 109 74 74
positives2\0853_0144_0163_0055_0055.jpg 1 144 163 55 55
positives2\0854_0046_0021_0082_0082.jpg 1 46 21 82 82
